2 0.90734921875 0.666943359375 0.0912609375 0.13466796875 0.881228125 0.7086435546875 2 0.88671953125 0.6710537109375 2 0.892471875 0.6370595703125 2 0.9060054687499999 0.6011708984375 2 0.93169609375 0.7122392578125 2 0.92437421875 0.6720341796875 2 0.91862109375 0.639021484375 2 0.0 0.0 0.0 0.0 0.0 0.0 0.0 0.0 0.0 0.0 0.0 0.0
2 0.719133984375 0.60597705078125 0.060142968750000005 0.0889072265625 0.70315234375 0.6360791015625 2 0.70707421875 0.6099296875 2 0.7107351562499999 0.5863955078125 2 0.71936484375 0.5625341796875 2 0.73505390625 0.63640625 2 0.7308703125 0.6118916015625 2 0.72747109375 0.5873759765625 2 0.0 0.0 0.0 0.0 0.0 0.0 0.0 0.0 0.0 0.0 0.0 0.0
2 0.6659542968750001 0.54990966796875 0.03347109375 0.0509912109375 0.657734375 0.56865234375 2 0.6596093749999999 0.5537109375 2 0.661328125 0.541015625 2 0.666484375 0.52646484375 2 0.675390625 0.56865234375 2 0.672734375 0.5537109375 2 0.67078125 0.54052734375 2 0.0 0.0 0.0 0.0 0.0 0.0 0.0 0.0 0.0 0.0 0.0 0.0
2 0.537624609375 0.56248779296875 0.04087421875 0.0566162109375 0.52722265625 0.582234375 2 0.53063046875 0.5662861328125 2 0.532640625 0.5517578125 2 0.5386703125000001 0.5353720703125 2 0.54866875 0.58273046875 2 0.5451374999999999 0.56650390625 2 0.5437390625 0.5519755859375 2 0.0 0.0 0.0 0.0 0.0 0.0 0.0 0.0 0.0 0.0 0.0 0.0
2 0.523205078125 0.5351240234375 0.02141015625 0.038998046875 0.51734765625 0.5488076171875 2 0.5193578125 0.5382119140625 2 0.52058125 0.5275068359375 2 0.52451328125 0.516037109375 2 0.5312421875 0.550119140625 2 0.5290578125 0.5384306640625 2 0.52809609375 0.5271787109375 2 0.0 0.0 0.0 0.0 0.0 0.0 0.0 0.0 0.0 0.0 0.0 0.0
2 0.446975 0.54436962890625 0.0298875 0.0457705078125 0.43799765625 0.5612607421875 2 0.4400953125 0.5488076171875 2 0.44105625000000004 0.537337890625 2 0.445775 0.52324609375 2 0.45407734375000003 0.56093359375 2 0.4525046875 0.5486982421875 2 0.44997031249999997 0.537337890625 2 0.0 0.0 0.0 0.0 0.0 0.0 0.0 0.0 0.0 0.0 0.0 0.0
2 0.46233984375 0.5932861328125 0.0606171875 0.077197265625 0.44713984375000004 0.6207900390625 2 0.45099062500000003 0.5993955078125 2 0.4539859375 0.57871484375 2 0.46164843749999995 0.55562109375 2 0.47652109375 0.6209677734375 2 0.4730984375 0.59957421875 2 0.46967499999999995 0.5785361328125 2 0.0 0.0 0.0 0.0 0.0 0.0 0.0 0.0 0.0 0.0 0.0 0.0
2 0.45512382812499996 0.69526025390625 0.10399765624999999 0.1522392578125 0.4300265625 0.7436494140625 2 0.43655078124999996 0.698669921875 2 0.44228515625 0.65962109375 2 0.45592734375 0.6205732421875 2 0.482025 0.7424140625 2 0.47648906249999995 0.698669921875 2 0.47036015625000005 0.660115234375 2 0.0 0.0 0.0 0.0 0.0 0.0 0.0 0.0 0.0 0.0 0.0 0.0
2 0.24353828125 0.64576025390625 0.0917640625 0.1294111328125 0.22032812499999999 0.689623046875 2 0.225753125 0.6533271484375 2 0.22990078125000002 0.6244091796875 2 0.2425046875 0.5833271484375 2 0.26388359375000003 0.686630859375 2 0.25766093749999996 0.65432421875 2 0.25447031249999996 0.6240107421875 2 0.0 0.0 0.0 0.0 0.0 0.0 0.0 0.0 0.0 0.0 0.0 0.0
2 0.266740625 0.58482470703125 0.04754375 0.0719931640625 0.25303437500000003 0.61005078125 2 0.25654453125 0.5901083984375 2 0.259096875 0.570564453125 2 0.26578984375000003 0.5497353515625 2 0.2798375 0.6106494140625 2 0.2764875 0.5907060546875 2 0.27345625 0.5703642578125 2 0.0 0.0 0.0 0.0 0.0 0.0 0.0 0.0 0.0 0.0 0.0 0.0
2 0.33413203125 0.56732275390625 0.0370140625 0.0604267578125 0.32195703125 0.5885126953125 2 0.32435 0.572359375 2 0.3270625 0.555806640625 2 0.333034375 0.538521484375 2 0.3438140625 0.5887119140625 2 0.3418984375 0.5724453125 2 0.33854921875 0.5554072265625 2 0.0 0.0 0.0 0.0 0.0 0.0 0.0 0.0 0.0 0.0 0.0 0.0
2 0.305155078125 0.549814453125 0.03218515625 0.05080078125 0.29566640624999996 0.567671875 2 0.29743984375 0.554205078125 2 0.29962187500000004 0.5402255859375 2 0.30466796875 0.527099609375 2 0.3127140625 0.567671875 2 0.31094140625 0.5545458984375 2 0.30821328124999997 0.54056640625 2 0.0 0.0 0.0 0.0 0.0 0.0 0.0 0.0 0.0 0.0 0.0 0.0
2 0.274055078125 0.53634619140625 0.021547656249999998 0.0394892578125 0.2659609375 0.54966796875 1 0.267709375 0.5395439453125 2 0.26893671874999997 0.528974609375 2 0.2728359375 0.517572265625 2 0.27861953125 0.5497724609375 2 0.2778015625 0.53971484375 2 0.27639765625 0.529064453125 2 0.0 0.0 0.0 0.0 0.0 0.0 0.0 0.0 0.0 0.0 0.0 0.0
2 0.1623359375 0.5425322265625 0.029359375 0.042095703125 0.15390625 0.5595703125 2 0.155390625 0.54716796875 2 0.15734375 0.535546875 2 0.161875 0.52392578125 2 0.170703125 0.559765625 2 0.16796875 0.5470703125 2 0.166875 0.5353515625 2 0.0 0.0 0.0 0.0 0.0 0.0 0.0 0.0 0.0 0.0 0.0 0.0
2 0.11767187500000001 0.56893310546875 0.04315625 0.0616943359375 0.1034796875 0.59191015625 2 0.10669921874999999 0.5746240234375 2 0.10860624999999999 0.5570390625 2 0.11516328125 0.539455078125 2 0.12803828125 0.5911650390625 2 0.125415625 0.57387890625 2 0.12219687500000001 0.5562939453125 2 0.0 0.0 0.0 0.0 0.0 0.0 0.0 0.0 0.0 0.0 0.0 0.0
2 0.066704296875 0.62301513671875 0.07403359375 0.0995458984375 0.04768671875 0.656734375 2 0.0523359375 0.6290166015625 2 0.05686640625 0.602490234375 2 0.06679921875 0.574376953125 2 0.0850015625 0.6546474609375 2 0.0810671875 0.626333984375 2 0.07705234375 0.6017080078125 2 0.0 0.0 0.0 0.0 0.0 0.0 0.0 0.0 0.0 0.0 0.0 0.0
