2 0.0276171875 0.501318359375 0.023984375 0.03388671875 0.020859375 0.51396484375 2 0.022890625 0.5029296875 2 0.02421875 0.49560546875 2 0.0278125 0.4849609375 2 0.033984375 0.51455078125 2 0.033125 0.5037109375 2 0.031640625 0.4953125 2 0.0 0.0 0.0 0.0 0.0 0.0 0.0 0.0 0.0 0.0 0.0 0.0
2 0.0752734375 0.509375 0.028671875000000003 0.044140625 0.06609374999999999 0.52431640625 2 0.06859375 0.51083984375 2 0.07062500000000001 0.5005859375 2 0.07449296875 0.4873740234375 2 0.08304687499999999 0.5240234375 2 0.080625 0.5111328125 2 0.07906250000000001 0.5 2 0.0 0.0 0.0 0.0 0.0 0.0 0.0 0.0 0.0 0.0 0.0 0.0
2 0.09425781250000001 0.50625 0.021328125 0.037890625 0.08546875000000001 0.51962890625 2 0.087734375 0.5080078125 2 0.08882812500000001 0.498046875 2 0.092578125 0.4873046875 2 0.10007812499999999 0.519921875 2 0.097890625 0.5078125 2 0.09609375 0.49775390625 2 0.0 0.0 0.0 0.0 0.0 0.0 0.0 0.0 0.0 0.0 0.0 0.0
2 0.171723046875 0.5265 0.049696093749999996 0.06471875 0.15882812500000001 0.5505859375 2 0.1615625 0.53115234375 2 0.164578125 0.5134619140625 2 0.170971875 0.4953056640625 2 0.184296875 0.55068359375 2 0.18090078125 0.53074609375 2 0.17809375 0.5126826171875 2 0.0 0.0 0.0 0.0 0.0 0.0 0.0 0.0 0.0 0.0 0.0 0.0
2 0.191273828125 0.5157060546875 0.029422656250000002 0.050943359375 0.18006875 0.533345703125 1 0.18090078125 0.5194404296875 2 0.1835 0.5059248046875 2 0.188490625 0.491109375 2 0.19784765625 0.53360546875 2 0.19576796875 0.5195703125 2 0.1929609375 0.5052744140625 2 0.0 0.0 0.0 0.0 0.0 0.0 0.0 0.0 0.0 0.0 0.0 0.0
2 0.26078125 0.510791015625 0.026250000000000002 0.04306640625 0.25265624999999997 0.52626953125 2 0.254921875 0.51279296875 1 0.25656249999999997 0.50263671875 2 0.26078125 0.48955078125 2 0.2684375 0.5263671875 2 0.265625 0.51201171875 2 0.26453125 0.50244140625 2 0.0 0.0 0.0 0.0 0.0 0.0 0.0 0.0 0.0 0.0 0.0 0.0
2 0.2571875 0.50263671875 0.0190625 0.0326171875 0.251640625 0.5142578125 2 0.25328125 0.5046875 2 0.254296875 0.49619140625 2 0.257240625 0.487033203125 2 0.2621875 0.51533203125 1 0.260234375 0.50458984375 2 0.259296875 0.49619140625 2 0.0 0.0 0.0 0.0 0.0 0.0 0.0 0.0 0.0 0.0 0.0 0.0
2 0.296484375 0.50654296875 0.02265625 0.0365234375 0.28984375 0.5205078125 2 0.291640625 0.50849609375 2 0.29281250000000003 0.49912109375 2 0.2962546875 0.4887421875 2 0.30257812500000003 0.52041015625 2 0.301953125 0.51064453125 2 0.29953124999999997 0.49931640625 2 0.0 0.0 0.0 0.0 0.0 0.0 0.0 0.0 0.0 0.0 0.0 0.0
2 0.358308984375 0.52382568359375 0.04786796875 0.0613232421875 0.34666171874999996 0.54676953125 2 0.34893593749999996 0.5283583984375 2 0.35164296875 0.5122490234375 2 0.35749140625 0.4951923828125 2 0.36875468749999996 0.5470400390625 2 0.36550546875 0.5283583984375 2 0.36323125 0.5121142578125 2 0.0 0.0 0.0 0.0 0.0 0.0 0.0 0.0 0.0 0.0 0.0 0.0
2 0.36390078125 0.51314111328125 0.0215515625 0.0438603515625 0.3524015625 0.5299833984375 1 0.35575859374999996 0.5161748046875 1 0.35640859375 0.5048037109375 1 0.361065625 0.4912666015625 2 0.3691875 0.52984765625 2 0.36723828125 0.5172578125 2 0.365396875 0.504939453125 2 0.0 0.0 0.0 0.0 0.0 0.0 0.0 0.0 0.0 0.0 0.0 0.0
2 0.4486921875 0.5108984375 0.025509375 0.041328125 0.44132812499999996 0.525390625 2 0.443515625 0.51357421875 2 0.44460937500000003 0.50390625 2 0.4484375 0.49111328125 2 0.45562500000000006 0.52568359375 2 0.45406250000000004 0.51396484375 2 0.45265625 0.5033203125 2 0.0 0.0 0.0 0.0 0.0 0.0 0.0 0.0 0.0 0.0 0.0 0.0
2 0.500843359375 0.51975732421875 0.032936718749999996 0.0492802734375 0.49175078125000005 0.5368388671875 2 0.49414609374999996 0.5227412109375 2 0.49624218750000004 0.5095166015625 2 0.50143203125 0.494794921875 2 0.50981640625 0.5379619140625 2 0.5075203125 0.5228662109375 2 0.50542421875 0.5095166015625 2 0.0 0.0 0.0 0.0 0.0 0.0 0.0 0.0 0.0 0.0 0.0 0.0
2 0.5314582031249999 0.5089482421875 0.02385390625 0.037427734375 0.5253859375000001 0.5214931640625 2 0.5269828125 0.5116376953125 2 0.5285796875 0.5016572265625 2 0.53237265625 0.4911767578125 2 0.5381609375 0.5227412109375 2 0.53656484375 0.511263671875 2 0.53556640625 0.501158203125 2 0.0 0.0 0.0 0.0 0.0 0.0 0.0 0.0 0.0 0.0 0.0 0.0
2 0.6236265624999999 0.5244873046875 0.037878125 0.058740234375 0.61175078125 0.5445029296875 2 0.6147414062500001 0.5277705078125 2 0.6171625 0.512818359375 2 0.62348203125 0.49558203125 2 0.6329687500000001 0.545392578125 2 0.6295507812500001 0.5279482421875 2 0.6277 0.512818359375 2 0.0 0.0 0.0 0.0 0.0 0.0 0.0 0.0 0.0 0.0 0.0 0.0
2 0.599609765625 0.515330078125 0.02890703125 0.04823828125 0.5906757812500001 0.533822265625 2 0.592384375 0.520650390625 2 0.5942359374999999 0.5083681640625 2 0.5994671874999999 0.49135546875 2 0.60733671875 0.5340009765625 2 0.605628125 0.521541015625 2 0.60391875 0.5081904296875 2 0.0 0.0 0.0 0.0 0.0 0.0 0.0 0.0 0.0 0.0 0.0 0.0
2 0.6944953125 0.5166552734375 0.028053125 0.043076171875 0.6862265625 0.5315087890625 2 0.6880773437500001 0.5185146484375 2 0.6895015625 0.5071220703125 2 0.69446015625 0.4955625 2 0.7010359375 0.5315087890625 2 0.69946953125 0.5192265625 2 0.69761875 0.50765625 2 0.0 0.0 0.0 0.0 0.0 0.0 0.0 0.0 0.0 0.0 0.0 0.0
2 0.670553515625 0.51050439453125 0.02235703125 0.0366337890625 0.6642187500000001 0.52373046875 2 0.6657203125 0.513708984375 2 0.6672875 0.5039189453125 2 0.6709375 0.493359375 2 0.676828125 0.5240322265625 2 0.6752617187500001 0.5135302734375 2 0.67426484375 0.5039189453125 2 0.0 0.0 0.0 0.0 0.0 0.0 0.0 0.0 0.0 0.0 0.0 0.0
