2 0.55050390625 0.77456982421875 0.1150703125 0.1760927734375 0.5214203125 0.8194404296875 2 0.5303648437499999 0.7735595703125 2 0.538640625 0.7336416015625 2 0.55655703125 0.691107421875 2 0.57814140625 0.82408984375 2 0.5734390625 0.7763447265625 2 0.5686648437499999 0.735630859375 2 0.0 0.0 0.0 0.0 0.0 0.0 0.0 0.0 0.0 0.0 0.0 0.0
2 0.56410859375 0.658060546875 0.0782171875 0.10518359375 0.5441328125 0.6926962890625 2 0.5500625 0.6621640625 2 0.55500390625 0.635515625 2 0.56672265625 0.6063955078125 2 0.58140546875 0.6946376953125 2 0.5783 0.664458984375 2 0.5751937500000001 0.63745703125 2 0.0 0.0 0.0 0.0 0.0 0.0 0.0 0.0 0.0 0.0 0.0 0.0
2 0.492652734375 0.5928017578125 0.057180468750000005 0.078181640625 0.4773515625 0.6176904296875 2 0.48201015625 0.5965126953125 2 0.48582265625 0.5769228515625 2 0.4931640625 0.555921875 2 0.50474140625 0.61980859375 2 0.5022 0.5975712890625 2 0.49994140624999994 0.57762890625 2 0.0 0.0 0.0 0.0 0.0 0.0 0.0 0.0 0.0 0.0 0.0 0.0
2 0.43375546875 0.56172509765625 0.048760937500000004 0.0648564453125 0.42122109375 0.5841298828125 2 0.4246796875 0.5661376953125 2 0.42780390625000003 0.5502373046875 2 0.43449921874999997 0.531546875 2 0.44398359374999996 0.584966796875 2 0.44164062499999995 0.566974609375 2 0.4398546875 0.550376953125 2 0.0 0.0 0.0 0.0 0.0 0.0 0.0 0.0 0.0 0.0 0.0 0.0
2 0.3786234375 0.52357177734375 0.033809375 0.0471435546875 0.36978203125000003 0.5400556640625 2 0.3723484375 0.5265263671875 2 0.37446796875 0.515228515625 2 0.37926640625 0.50128125 2 0.38663046875 0.5407529296875 2 0.38473359375 0.5275029296875 2 0.38350625 0.5153681640625 2 0.0 0.0 0.0 0.0 0.0 0.0 0.0 0.0 0.0 0.0 0.0 0.0
2 0.388780859375 0.50815673828125 0.02287421875 0.0397509765625 0.38060546875 0.5208076171875 1 0.383171875 0.5100673828125 2 0.38439921875 0.5005830078125 2 0.38871875 0.4885322265625 2 0.394553125 0.5217841796875 2 0.39332578125 0.5113232421875 2 0.3920984375 0.50072265625 2 0.0 0.0 0.0 0.0 0.0 0.0 0.0 0.0 0.0 0.0 0.0 0.0
2 0.577228125 0.5529375 0.03570625 0.05509375 0.56761640625 0.57101953125 2 0.5705171874999999 0.556513671875 2 0.5731953125 0.541869140625 2 0.57955546875 0.5262470703125 2 0.58714296875 0.57199609375 2 0.58558046875 0.5577685546875 2 0.58401875 0.5424267578125 2 0.0 0.0 0.0 0.0 0.0 0.0 0.0 0.0 0.0 0.0 0.0 0.0
2 0.6076972656249999 0.5343837890625 0.03101953125 0.045330078125 0.6003093749999999 0.5509345703125 2 0.60265234375 0.537265625 2 0.604103125 0.5255498046875 2 0.6094593749999999 0.5127177734375 2 0.61615390625 0.5512138671875 2 0.6141453125 0.5381025390625 2 0.61336484375 0.5258291015625 2 0.0 0.0 0.0 0.0 0.0 0.0 0.0 0.0 0.0 0.0 0.0 0.0
2 0.7021703125000001 0.60078662109375 0.052778124999999995 0.0765732421875 0.6882359375 0.6247177734375 2 0.6925874999999999 0.6030986328125 2 0.6961578125 0.58426953125 2 0.70374609375 0.5641845703125 2 0.7144578125 0.6266708984375 2 0.71278359375 0.6050517578125 2 0.710440625 0.5853857421875 2 0.0 0.0 0.0 0.0 0.0 0.0 0.0 0.0 0.0 0.0 0.0 0.0
2 0.85029375 0.67884228515625 0.0880875 0.1174501953125 0.8273187500000001 0.7149775390625 2 0.83201640625 0.6867890625 2 0.8376539062499999 0.6583076171875 2 0.851278125 0.6216044921875 2 0.866546875 0.7211435546875 2 0.8639625000000001 0.689138671875 2 0.86137890625 0.6606572265625 2 0.0 0.0 0.0 0.0 0.0 0.0 0.0 0.0 0.0 0.0 0.0 0.0
2 0.9247515625 0.6084326171875 0.057315625 0.074287109375 0.9102867187499999 0.63051953125 2 0.9142312499999999 0.611328125 2 0.9186945312500001 0.5937099609375 2 0.92785546875 0.574037109375 2 0.936884375 0.635521484375 2 0.93466796875 0.613970703125 2 0.9330234374999999 0.5954716796875 2 0.0 0.0 0.0 0.0 0.0 0.0 0.0 0.0 0.0 0.0 0.0 0.0
2 0.118125 0.65124072265625 0.08 0.1208408203125 0.09711093750000001 0.6912236328125 2 0.10281484375000001 0.656123046875 2 0.10851875 0.62541015625 2 0.12109687499999999 0.5934169921875 2 0.14025546875 0.6888466796875 2 0.13557578125 0.6559404296875 2 0.13221171874999998 0.6241298828125 2 0.0 0.0 0.0 0.0 0.0 0.0 0.0 0.0 0.0 0.0 0.0 0.0
2 0.22075664062499997 0.569857421875 0.05557578125 0.07330859375 0.2068 0.5943310546875 2 0.2111875 0.573125 2 0.21396640625000002 0.55484375 2 0.2218640625 0.53363671875 2 0.23385703124999999 0.594697265625 2 0.23195546875 0.574587890625 2 0.2293234375 0.55466015625 2 0.0 0.0 0.0 0.0 0.0 0.0 0.0 0.0 0.0 0.0 0.0 0.0
2 0.277071484375 0.532396484375 0.035392968749999996 0.05502734375 0.26617890625 0.55008984375 2 0.26866484375 0.5356474609375 2 0.27129765625 0.521205078125 2 0.27787890625 0.506580078125 2 0.2853375 0.5513701171875 2 0.283875 0.5367451171875 2 0.28182734374999996 0.5215712890625 2 0.0 0.0 0.0 0.0 0.0 0.0 0.0 0.0 0.0 0.0 0.0 0.0
2 0.109864453125 0.50384033203125 0.02910390625 0.0447900390625 0.102265625 0.51904296875 2 0.1048625 0.5073115234375 2 0.10676406249999999 0.4948798828125 2 0.11129765625000002 0.4824482421875 2 0.11831796875 0.519376953125 2 0.1170015625 0.5078603515625 2 0.11539296875 0.49524609375 2 0.0 0.0 0.0 0.0 0.0 0.0 0.0 0.0 0.0 0.0 0.0 0.0
2 0.0278515625 0.51630859375 0.033828125 0.0521484375 0.017421875 0.53505859375 2 0.02046875 0.5201171875 2 0.022343750000000002 0.50615234375 2 0.028203125000000002 0.4904296875 2 0.038046875 0.53515625 2 0.035546875 0.52021484375 2 0.033046874999999996 0.50546875 2 0.0 0.0 0.0 0.0 0.0 0.0 0.0 0.0 0.0 0.0 0.0 0.0
