2 0.41556367187500004 0.7514140625 0.23425234375 0.401265625 0.33591640625 0.8639921875 2 0.35452265625 0.756189453125 2 0.37015312499999997 0.658716796875 2 0.40641484375000003 0.5574658203125 2 0.4685046875 0.8621787109375 2 0.45363125000000004 0.7560517578125 2 0.43843828125 0.66342578125 2 0.0 0.0 0.0 0.0 0.0 0.0 0.0 0.0 0.0 0.0 0.0 0.0
2 0.26230585937499995 0.50996826171875 0.10742421875 0.1410302734375 0.23559531250000001 0.55737109375 2 0.24241562499999997 0.517228515625 2 0.24753124999999998 0.481349609375 2 0.26056406249999997 0.4412119140625 2 0.28731796875 0.5563056640625 2 0.28078125 0.5165185546875 2 0.2739609375 0.480994140625 2 0.0 0.0 0.0 0.0 0.0 0.0 0.0 0.0 0.0 0.0 0.0 0.0
2 0.20412617187499998 0.4567099609375 0.05356484375 0.079435546875 0.18731875 0.4848212890625 2 0.1908109375 0.462373046875 2 0.19367890625 0.441951171875 2 0.2014109375 0.4195029296875 2 0.21675624999999998 0.4845341796875 2 0.21288515624999998 0.462216796875 2 0.20914375000000002 0.4416396484375 2 0.0 0.0 0.0 0.0 0.0 0.0 0.0 0.0 0.0 0.0 0.0 0.0
2 0.40339023437500005 0.43776123046875 0.03646796875 0.0532568359375 0.393125 0.455859375 2 0.395390625 0.441015625 2 0.39718749999999997 0.42744140625 2 0.40277421875 0.411748046875 2 0.411484375 0.45673828125 2 0.408828125 0.44072265625 2 0.40703125 0.426953125 2 0.0 0.0 0.0 0.0 0.0 0.0 0.0 0.0 0.0 0.0 0.0 0.0
2 0.45654296875 0.470568359375 0.0583984375 0.08957421875 0.44148984375 0.5005810546875 2 0.44514375 0.4753818359375 2 0.44891640625000007 0.4519521484375 2 0.45740468749999996 0.4271953125 2 0.47261171874999997 0.5016123046875 2 0.46872187500000007 0.475529296875 2 0.46542109375 0.4526884765625 2 0.0 0.0 0.0 0.0 0.0 0.0 0.0 0.0 0.0 0.0 0.0 0.0
2 0.49064804687499997 0.44852734375000003 0.04067109375 0.0630703125 0.478515625 0.47021484375 2 0.4809375 0.45322265625 2 0.48367187500000003 0.43642578125 2 0.48987890624999997 0.4173818359375 2 0.500703125 0.47255859375 2 0.49796874999999996 0.45322265625 2 0.49603203125000006 0.43633203125 2 0.0 0.0 0.0 0.0 0.0 0.0 0.0 0.0 0.0 0.0 0.0 0.0
2 0.48859375 0.432421875 0.027187499999999996 0.04453125 0.47984375 0.448046875 2 0.481640625 0.434765625 2 0.48312499999999997 0.42333984375 2 0.487890625 0.4107421875 2 0.49507812500000004 0.44853515625 1 0.49289062499999997 0.4345703125 1 0.49203125 0.4234375 1 0.0 0.0 0.0 0.0 0.0 0.0 0.0 0.0 0.0 0.0 0.0 0.0
2 0.75890078125 0.4898486328125 0.0740515625 0.106650390625 0.7400171875 0.5232265625 2 0.74528203125 0.4946689453125 2 0.7502484375 0.4674775390625 2 0.76286328125 0.438919921875 2 0.77854609375 0.526962890625 2 0.774584375 0.495662109375 2 0.77190234375 0.4683466796875 2 0.0 0.0 0.0 0.0 0.0 0.0 0.0 0.0 0.0 0.0 0.0 0.0
2 0.7900031249999999 0.45519580078125 0.03781875 0.0646884765625 0.776171875 0.47841796875 2 0.779921875 0.46005859375 2 0.7830468749999999 0.44287109375 2 0.78986875 0.4236494140625 2 0.800390625 0.47880859375 2 0.797734375 0.46025390625 2 0.795625 0.4431640625 2 0.0 0.0 0.0 0.0 0.0 0.0 0.0 0.0 0.0 0.0 0.0 0.0
2 0.697833203125 0.44319970703125 0.03785390625 0.0582744140625 0.687265625 0.465625 2 0.69078125 0.44970703125 2 0.6925 0.43505859375 2 0.6989062500000001 0.415234375 2 0.706953125 0.46669921875 2 0.7052343750000001 0.4505859375 2 0.70375 0.43525390625 2 0.0 0.0 0.0 0.0 0.0 0.0 0.0 0.0 0.0 0.0 0.0 0.0
2 0.6483984375 0.438134765625 0.032734374999999996 0.04814453125 0.6384375 0.45556640625 2 0.6404687499999999 0.44130859375 2 0.6428125 0.428515625 2 0.6478125 0.41513671875 2 0.655625 0.455859375 2 0.65359375 0.44150390625 2 0.652109375 0.428515625 2 0.0 0.0 0.0 0.0 0.0 0.0 0.0 0.0 0.0 0.0 0.0 0.0
2 0.6087125 0.4621796875 0.0518 0.076703125 0.59386171875 0.487458984375 2 0.59765625 0.46689453125 2 0.60078125 0.44658203125 2 0.6082757812499999 0.4248310546875 2 0.6213609375 0.4886572265625 2 0.6181453125 0.467029296875 2 0.615703125 0.44736328125 2 0.0 0.0 0.0 0.0 0.0 0.0 0.0 0.0 0.0 0.0 0.0 0.0
2 0.95953046875 0.4525693359375 0.0440609375 0.061388671875 0.9466687500000001 0.4745224609375 2 0.95003515625 0.4571953125 2 0.9533023437500001 0.4408583984375 2 0.96023359375 0.423283203125 2 0.9697390625000001 0.4751416015625 2 0.9685507812499999 0.4571953125 2 0.96607578125 0.4409814453125 2 0.0 0.0 0.0 0.0 0.0 0.0 0.0 0.0 0.0 0.0 0.0 0.0
