2 0.037411328125 0.48670361328125 0.048260156250000005 0.0593447265625 0.025209375 0.509578125 2 0.02756328125 0.491431640625 2 0.029231249999999997 0.476349609375 2 0.0349203125 0.4580810546875 2 0.049535156250000004 0.508474609375 2 0.04600390625 0.4909404296875 2 0.042669531249999997 0.475859375 2 0.0 0.0 0.0 0.0 0.0 0.0 0.0 0.0 0.0 0.0 0.0 0.0
2 0.117831640625 0.466822265625 0.02628828125 0.03911328125 0.11074375 0.4818671875 2 0.11290156250000001 0.4704638671875 2 0.11378437500000001 0.4600419921875 2 0.11751171875 0.44839453125 2 0.1251625 0.4818671875 2 0.12310312500000001 0.470955078125 2 0.12133750000000001 0.4600419921875 2 0.0 0.0 0.0 0.0 0.0 0.0 0.0 0.0 0.0 0.0 0.0 0.0
2 0.23609453125000002 0.46872265625 0.0268765625 0.0429140625 0.22786328125000002 0.485791015625 2 0.22962890625000001 0.47242578125 2 0.23119843750000002 0.461390625 2 0.23554140625 0.4482001953125 2 0.24394999999999997 0.48628125 1 0.24130156249999998 0.4726708984375 2 0.23914375 0.461513671875 2 0.0 0.0 0.0 0.0 0.0 0.0 0.0 0.0 0.0 0.0 0.0 0.0
2 0.25248984375 0.4908720703125 0.0440421875 0.067681640625 0.23845703125 0.51619921875 2 0.24169374999999998 0.49572265625 2 0.2440484375 0.4776982421875 2 0.25032578125 0.458203125 2 0.26445078125 0.5159541015625 2 0.26091953125 0.4954775390625 2 0.2576828125 0.4776982421875 2 0.0 0.0 0.0 0.0 0.0 0.0 0.0 0.0 0.0 0.0 0.0 0.0
2 0.275847265625 0.473189453125 0.029819531249999996 0.04794140625 0.26660859375 0.49130859375 2 0.269159375 0.4770859375 2 0.27072890625 0.4642109375 2 0.27494609375 0.45035546875 2 0.28406875 0.490818359375 2 0.2814203125 0.4767177734375 2 0.2796546875 0.464333984375 2 0.0 0.0 0.0 0.0 0.0 0.0 0.0 0.0 0.0 0.0 0.0 0.0
2 0.36535390625 0.46211474609375003 0.0213328125 0.0375107421875 0.358515625 0.475390625 2 0.359609375 0.46494140625 2 0.360859375 0.45517578125 2 0.36453125000000003 0.4443359375 2 0.37109375 0.475390625 2 0.36906249999999996 0.46494140625 2 0.36796875 0.45517578125 2 0.0 0.0 0.0 0.0 0.0 0.0 0.0 0.0 0.0 0.0 0.0 0.0
2 0.45010234374999997 0.464986328125 0.023642187500000002 0.03934765625 0.44296875 0.4791015625 2 0.4446875 0.4685546875 2 0.44609375 0.4578125 2 0.449540625 0.4459423828125 2 0.45679687500000005 0.4796875 2 0.455390625 0.46826171875 2 0.45359375 0.45732421875 2 0.0 0.0 0.0 0.0 0.0 0.0 0.0 0.0 0.0 0.0 0.0 0.0
2 0.47535156250000005 0.469677734375 0.027265624999999998 0.04482421875 0.46640625 0.48759765625 2 0.46867187499999996 0.47177734375 2 0.47062499999999996 0.4609375 2 0.474609375 0.44853515625 2 0.481328125 0.48759765625 1 0.479296875 0.4716796875 1 0.47843749999999996 0.461328125 1 0.0 0.0 0.0 0.0 0.0 0.0 0.0 0.0 0.0 0.0 0.0 0.0
2 0.48117187499999997 0.477783203125 0.03421875 0.05517578125 0.47078125000000004 0.4974609375 2 0.473515625 0.4814453125 2 0.47546875 0.46669921875 2 0.48062812499999996 0.4505009765625 2 0.49078125000000006 0.49775390625 2 0.48757812500000003 0.48046875 2 0.485703125 0.46650390625 2 0.0 0.0 0.0 0.0 0.0 0.0 0.0 0.0 0.0 0.0 0.0 0.0
2 0.6211656249999999 0.48880908203125 0.05326875 0.0713681640625 0.6077125 0.5144716796875 2 0.61158984375 0.49334765625 2 0.614765625 0.47490234375 2 0.62143125 0.454205078125 2 0.6342171875 0.515068359375 2 0.63077578125 0.4934716796875 2 0.6275000000000001 0.47470703125 2 0.0 0.0 0.0 0.0 0.0 0.0 0.0 0.0 0.0 0.0 0.0 0.0
2 0.6017187500000001 0.469580078125 0.03 0.04853515625 0.591875 0.4875 2 0.594453125 0.4736328125 2 0.5959375 0.461328125 2 0.600390625 0.448046875 2 0.6084375 0.4880859375 2 0.606328125 0.4736328125 2 0.6040625000000001 0.46142578125 2 0.0 0.0 0.0 0.0 0.0 0.0 0.0 0.0 0.0 0.0 0.0 0.0
2 0.6423828125 0.4658203125 0.026953125 0.04296875 0.632109375 0.4810546875 2 0.634140625 0.468359375 2 0.636328125 0.45751953125 2 0.6404687499999999 0.44453125 2 0.6470312500000001 0.48173828125 2 0.645703125 0.46875 2 0.6442187500000001 0.4572265625 2 0.0 0.0 0.0 0.0 0.0 0.0 0.0 0.0 0.0 0.0 0.0 0.0
2 0.680546875 0.46083984375 0.01890625 0.0369140625 0.6734375 0.47529296875 2 0.6752343749999999 0.46337890625 2 0.67640625 0.45419921875 2 0.6802117187500001 0.4431416015625 2 0.686328125 0.475390625 2 0.684296875 0.46376953125 2 0.6832812500000001 0.45361328125 2 0.0 0.0 0.0 0.0 0.0 0.0 0.0 0.0 0.0 0.0 0.0 0.0
2 0.7556210937500001 0.48077685546875 0.0409296875 0.0631162109375 0.7434953125 0.5030166015625 2 0.7473203125000001 0.4846875 2 0.74987109375 0.468111328125 2 0.75662890625 0.4505791015625 2 0.767721875 0.50397265625 2 0.7644062500000001 0.4843681640625 2 0.76236640625 0.4682705078125 2 0.0 0.0 0.0 0.0 0.0 0.0 0.0 0.0 0.0 0.0 0.0 0.0
2 0.7838433593749999 0.4710732421875 0.03174921875 0.049568359375 0.774096875 0.4904248046875 2 0.77664765625 0.475443359375 2 0.77856015625 0.4618955078125 2 0.78404296875 0.4473916015625 2 0.7924578125 0.490744140625 2 0.7906734375 0.475443359375 2 0.788378125 0.4622138671875 2 0.0 0.0 0.0 0.0 0.0 0.0 0.0 0.0 0.0 0.0 0.0 0.0
2 0.83263203125 0.46587158203125 0.029326562499999997 0.0489306640625 0.8235703125 0.4840498046875 2 0.8254828125 0.4708212890625 2 0.82765 0.458388671875 2 0.83196875 0.4419521484375 2 0.84052890625 0.4845283203125 2 0.838125 0.47138671875 2 0.83683046875 0.4588671875 2 0.0 0.0 0.0 0.0 0.0 0.0 0.0 0.0 0.0 0.0 0.0 0.0
2 0.8103125 0.460302734375 0.0221875 0.03583984375 0.80390625 0.473046875 2 0.805703125 0.46240234375 2 0.806875 0.45263671875 2 0.8109375 0.4419921875 2 0.81640625 0.47392578125 2 0.8149218749999999 0.4625 2 0.813515625 0.45224609375 2 0.0 0.0 0.0 0.0 0.0 0.0 0.0 0.0 0.0 0.0 0.0 0.0
2 0.886797265625 0.46467236328125 0.02671953125 0.0426259765625 0.87955234375 0.4788935546875 2 0.8810078125 0.4668076171875 2 0.88277578125 0.45537109375 2 0.8871421875 0.4439345703125 2 0.8935882812499999 0.479283203125 2 0.89244453125 0.4669375 2 0.8914046875 0.4552412109375 2 0.0 0.0 0.0 0.0 0.0 0.0 0.0 0.0 0.0 0.0 0.0 0.0
2 0.966523046875 0.47312158203125 0.04085859375 0.0575712890625 0.9543039062500001 0.4921494140625 2 0.9571109375000001 0.47564453125 2 0.960021875 0.4614794921875 2 0.96586015625 0.4447919921875 2 0.9759289062500001 0.4929287109375 2 0.97322578125 0.476423828125 2 0.97073046875 0.461869140625 2 0.0 0.0 0.0 0.0 0.0 0.0 0.0 0.0 0.0 0.0 0.0 0.0
