2 0.8871804687499999 0.7305546875 0.1634234375 0.2286875 0.84524453125 0.795322265625 2 0.8543101562500001 0.735171875 2 0.863609375 0.681705078125 2 0.885228125 0.6224267578125 2 0.9249796874999999 0.805783203125 2 0.91498359375 0.7386591796875 2 0.90615 0.6846103515625 2 0.0 0.0 0.0 0.0 0.0 0.0 0.0 0.0 0.0 0.0 0.0 0.0
2 0.9674355468750001 0.60542529296875 0.06455859375 0.0819443359375 0.9519460937499999 0.6314345703125 2 0.955665625 0.61109375 2 0.9586874999999999 0.58871875 2 0.96891640625 0.567505859375 2 0.98239921875 0.63433984375 2 0.9798421875000001 0.6113837890625 2 0.9761226562499999 0.589880859375 2 0.0 0.0 0.0 0.0 0.0 0.0 0.0 0.0 0.0 0.0 0.0 0.0
2 0.74941484375 0.58042041015625 0.0378921875 0.0592783203125 0.738775 0.5997607421875 2 0.74156484375 0.58348828125 2 0.74458671875 0.5669248046875 2 0.7503984375 0.550943359375 2 0.760859375 0.6012138671875 2 0.7576046875 0.5843603515625 2 0.7555125 0.567796875 2 0.0 0.0 0.0 0.0 0.0 0.0 0.0 0.0 0.0 0.0 0.0 0.0
2 0.6047746093749999 0.599396484375 0.054861718749999996 0.08746484375 0.58581328125 0.6288193359375 2 0.58976484375 0.604701171875 2 0.59371640625 0.582326171875 2 0.6027828125 0.557626953125 2 0.61696328125 0.6302724609375 2 0.61277890625 0.6049912109375 2 0.6092921875 0.58348828125 2 0.0 0.0 0.0 0.0 0.0 0.0 0.0 0.0 0.0 0.0 0.0 0.0
2 0.560851171875 0.63295654296875 0.06857734374999999 0.1194287109375 0.54048203125 0.6729873046875 2 0.5451312500000001 0.6392802734375 2 0.5504781249999999 0.6090595703125 2 0.56256640625 0.575642578125 2 0.5806984374999999 0.673859375 2 0.5765140625 0.6401513671875 2 0.57209765625 0.6090595703125 2 0.0 0.0 0.0 0.0 0.0 0.0 0.0 0.0 0.0 0.0 0.0 0.0
2 0.527958984375 0.5619541015625 0.030917968750000004 0.049689453125 0.51953125 0.58056640625 2 0.521953125 0.56640625 2 0.5237499999999999 0.55322265625 2 0.527625 0.5379130859375 2 0.536171875 0.58056640625 2 0.5346875 0.56572265625 2 0.5326562499999999 0.553515625 2 0.0 0.0 0.0 0.0 0.0 0.0 0.0 0.0 0.0 0.0 0.0 0.0
2 0.4734765625 0.573291015625 0.046953125 0.06064453125 0.46164062499999997 0.59501953125 2 0.465 0.578125 2 0.467421875 0.56259765625 2 0.47375 0.54404296875 2 0.483984375 0.5955078125 2 0.48117187499999997 0.57802734375 2 0.47874999999999995 0.56279296875 2 0.0 0.0 0.0 0.0 0.0 0.0 0.0 0.0 0.0 0.0 0.0 0.0
2 0.392294140625 0.5582294921875 0.034588281250000005 0.048099609375 0.38359375 0.57705078125 2 0.3859375 0.56259765625 2 0.3878125 0.54892578125 2 0.39265625000000004 0.5361328125 2 0.40078125 0.5771484375 2 0.398671875 0.56259765625 2 0.39656250000000004 0.54912109375 2 0.0 0.0 0.0 0.0 0.0 0.0 0.0 0.0 0.0 0.0 0.0 0.0
2 0.312580078125 0.5838369140625 0.05484765625 0.073923828125 0.29931640625 0.609328125 2 0.302803125 0.589212890625 2 0.3065578125 0.56876171875 2 0.31379921875 0.54780859375 2 0.3268078125 0.609328125 2 0.32385703125 0.5880390625 2 0.32077265625 0.56859375 2 0.0 0.0 0.0 0.0 0.0 0.0 0.0 0.0 0.0 0.0 0.0 0.0
2 0.235391015625 0.57202685546875 0.05203203125 0.0620224609375 0.22408515625 0.594912109375 2 0.22649921874999998 0.5771435546875 2 0.2297171875 0.560212890625 2 0.23642265624999997 0.5417734375 2 0.24755312499999998 0.59575 2 0.24473671874999997 0.576640625 2 0.242725 0.5597099609375 2 0.0 0.0 0.0 0.0 0.0 0.0 0.0 0.0 0.0 0.0 0.0 0.0
2 0.19218828125 0.5604970703125 0.0359390625 0.052634765625 0.18130625 0.5786513671875 2 0.18412265625 0.5645712890625 2 0.18586562499999998 0.5499873046875 2 0.19163203125 0.5357392578125 2 0.2004828125 0.579322265625 2 0.19873984375 0.564236328125 2 0.196728125 0.550322265625 2 0.0 0.0 0.0 0.0 0.0 0.0 0.0 0.0 0.0 0.0 0.0 0.0
2 0.20943710937499999 0.551423828125 0.026686718749999998 0.04425390625 0.1998125 0.566080078125 2 0.201421875 0.5546806640625 2 0.2038359375 0.5431142578125 2 0.20826093750000002 0.5300400390625 2 0.21563671874999998 0.5675888671875 2 0.21416171875 0.5546806640625 2 0.212284375 0.5436171875 2 0.0 0.0 0.0 0.0 0.0 0.0 0.0 0.0 0.0 0.0 0.0 0.0
2 0.09580625000000001 0.60016455078125 0.061924999999999994 0.0968134765625 0.07655859375 0.633751953125 2 0.081734375 0.6085439453125 2 0.0858390625 0.5819990234375 2 0.096725 0.5541142578125 2 0.11385703124999999 0.6335283203125 2 0.10903828125 0.6069833984375 2 0.10564765625000001 0.5819990234375 2 0.0 0.0 0.0 0.0 0.0 0.0 0.0 0.0 0.0 0.0 0.0 0.0
2 0.028375 0.57375048828125 0.05675 0.0693759765625 0.012849218749999999 0.598283203125 2 0.01641796875 0.5779833984375 2 0.0208796875 0.55969140625 2 0.029267187500000003 0.5402841796875 2 0.0410453125 0.598283203125 2 0.03818984375 0.5782060546875 2 0.03515625 0.560583984375 2 0.0 0.0 0.0 0.0 0.0 0.0 0.0 0.0 0.0 0.0 0.0 0.0
2 0.0398796875 0.5570693359375 0.028196875 0.055544921875 0.029267187500000003 0.577314453125 1 0.030338281249999998 0.563037109375 1 0.0326578125 0.5487607421875 1 0.0390828125 0.5300224609375 2 0.046578125 0.577537109375 2 0.045864062500000004 0.56415234375 2 0.0442578125 0.54920703125 2 0.0 0.0 0.0 0.0 0.0 0.0 0.0 0.0 0.0 0.0 0.0 0.0
