2 0.77650078125 0.7719184570312501 0.19987656250000002 0.2977431640625 0.72563046875 0.8461943359375 2 0.74047421875 0.7706796875 2 0.7539374999999999 0.705953125 2 0.7825898437500001 0.6373427734375 2 0.82366953125 0.8587080078125 2 0.8115875000000001 0.778447265625 2 0.8043382812500001 0.7098369140625 2 0.0 0.0 0.0 0.0 0.0 0.0 0.0 0.0 0.0 0.0 0.0 0.0
2 0.704733984375 0.64346484375 0.10321796875 0.1423984375 0.6802742187499999 0.6899736328125 2 0.68769765625 0.6502314453125 2 0.6949804687500001 0.6129404296875 2 0.7103875000000001 0.5745986328125 2 0.73181640625 0.6932998046875 2 0.7267742187499999 0.6530322265625 2 0.72243203125 0.6143408203125 2 0.0 0.0 0.0 0.0 0.0 0.0 0.0 0.0 0.0 0.0 0.0 0.0
2 0.841712890625 0.59771044921875 0.06467578125 0.0919052734375 0.82265625 0.62841796875 2 0.8284375 0.603125 2 0.8324999999999999 0.580078125 2 0.842109375 0.5546875 2 0.85671875 0.63125 2 0.8534375000000001 0.60419921875 2 0.850390625 0.5806640625 2 0.0 0.0 0.0 0.0 0.0 0.0 0.0 0.0 0.0 0.0 0.0 0.0
2 0.691707421875 0.54836083984375 0.03028984375 0.0498466796875 0.6819531249999999 0.5666015625 2 0.684453125 0.55205078125 2 0.686640625 0.538671875 2 0.691640625 0.52470703125 2 0.699603125 0.566466796875 2 0.698125 0.551953125 2 0.696015625 0.53876953125 2 0.0 0.0 0.0 0.0 0.0 0.0 0.0 0.0 0.0 0.0 0.0 0.0
2 0.665324609375 0.56002978515625 0.04158671875 0.0634189453125 0.65405 0.5822099609375 2 0.6572734375 0.564275390625 2 0.660234375 0.5484375 2 0.6665257812500001 0.5300966796875 2 0.6770265625 0.583119140625 2 0.6737 0.565185546875 2 0.6727640625 0.54803125 2 0.0 0.0 0.0 0.0 0.0 0.0 0.0 0.0 0.0 0.0 0.0 0.0
2 0.5816449218749999 0.585353515625 0.07266484375 0.09648828125 0.5645781249999999 0.6169921875 2 0.57038828125 0.5910791015625 2 0.5743148437500001 0.5671298828125 2 0.5846796875 0.5408251953125 2 0.5980289062499999 0.618955078125 2 0.59535859375 0.59323828125 2 0.59253203125 0.5675224609375 2 0.0 0.0 0.0 0.0 0.0 0.0 0.0 0.0 0.0 0.0 0.0 0.0
2 0.5020117187500001 0.5625908203125 0.05402343750000001 0.074400390625 0.48872499999999997 0.587349609375 2 0.4923375 0.5663447265625 2 0.49657734375 0.5474990234375 2 0.5045867187499999 0.527279296875 2 0.5155796875 0.5902939453125 2 0.51291015625 0.5683076171875 2 0.51039765625 0.5476953125 2 0.0 0.0 0.0 0.0 0.0 0.0 0.0 0.0 0.0 0.0 0.0 0.0
2 0.43118828125 0.53529541015625 0.0373765625 0.0549658203125 0.42182343749999995 0.5543701171875 2 0.42465078125 0.5390576171875 2 0.42684921875 0.52531640625 2 0.4321890625 0.5107900390625 2 0.44019765624999996 0.5551552734375 2 0.43862734375 0.540236328125 2 0.43674296874999996 0.5255126953125 2 0.0 0.0 0.0 0.0 0.0 0.0 0.0 0.0 0.0 0.0 0.0 0.0
2 0.44037460937499995 0.52628515625 0.024499218750000003 0.0447578125 0.431015625 0.541796875 1 0.43335937500000005 0.5287109375 1 0.43562500000000004 0.5181640625 1 0.44066875000000005 0.5052919921875 2 0.44663593749999997 0.5425908203125 2 0.445 0.5296875 2 0.44390625000000006 0.51826171875 2 0.0 0.0 0.0 0.0 0.0 0.0 0.0 0.0 0.0 0.0 0.0 0.0
2 0.318571875 0.5375556640625 0.04026875 0.061439453125 0.30648437500000003 0.558984375 2 0.31 0.54189453125 2 0.3128125 0.52587890625 2 0.3196875 0.5083984375 2 0.32827109375 0.5598671875 2 0.32671875 0.54267578125 2 0.325234375 0.52548828125 2 0.0 0.0 0.0 0.0 0.0 0.0 0.0 0.0 0.0 0.0 0.0 0.0
2 0.25239570312500004 0.56079638671875 0.06572890625 0.0883896484375 0.23647187500000003 0.5917666015625 2 0.2416453125 0.5672138671875 2 0.245190625 0.5448173828125 2 0.254771875 0.518587890625 2 0.2687609375 0.592365234375 2 0.2659828125 0.5682919921875 2 0.2639796875 0.5447568359375 2 0.0 0.0 0.0 0.0 0.0 0.0 0.0 0.0 0.0 0.0 0.0 0.0
2 0.1354828125 0.51711279296875 0.031903125 0.0478974609375 0.1267453125 0.533919921875 2 0.1296921875 0.5212412109375 2 0.13099296875 0.507912109375 2 0.13688828125000002 0.493173828125 2 0.14529765625 0.5353291015625 2 0.143359375 0.52177734375 2 0.142003125 0.507912109375 2 0.0 0.0 0.0 0.0 0.0 0.0 0.0 0.0 0.0 0.0 0.0 0.0
2 0.10641953124999999 0.62197705078125 0.1128390625 0.1580166015625 0.077375 0.6759716796875 2 0.08653828125 0.6299453125 2 0.0951921875 0.5885859375 2 0.11249921874999999 0.5451044921875 2 0.13727265625 0.6751240234375 2 0.13184296874999998 0.6299453125 2 0.12673515625 0.5891943359375 2 0.0 0.0 0.0 0.0 0.0 0.0 0.0 0.0 0.0 0.0 0.0 0.0
2 0.041123046875 0.5221025390625 0.04162109375 0.059830078125 0.028303125000000002 0.5436181640625 2 0.032265625 0.5275390625 2 0.034453125 0.51162109375 2 0.0410296875 0.4939931640625 2 0.05147734375 0.54409375 2 0.0498625 0.52747265625 2 0.047890625 0.5115234375 2 0.0 0.0 0.0 0.0 0.0 0.0 0.0 0.0 0.0 0.0 0.0 0.0
