2 0.146578125 0.66804638671875 0.12596875000000002 0.1778896484375 0.11204140625 0.7267197265625 2 0.1214640625 0.6739580078125 2 0.13127421875 0.6287802734375 2 0.14985546875 0.5814423828125 2 0.17650703125 0.726017578125 2 0.1694671875 0.6741591796875 2 0.16483515625 0.6303935546875 2 0.0 0.0 0.0 0.0 0.0 0.0 0.0 0.0 0.0 0.0 0.0 0.0
2 0.199362109375 0.5905390625 0.07059921875 0.0931875 0.18156640625 0.6218251953125 2 0.18620390625 0.596703125 2 0.19084218749999998 0.5720107421875 2 0.20028984374999997 0.545814453125 2 0.21626484375000002 0.6224697265625 2 0.2119703125 0.5962734375 2 0.208534375 0.5720107421875 2 0.0 0.0 0.0 0.0 0.0 0.0 0.0 0.0 0.0 0.0 0.0 0.0
2 0.247793359375 0.56088134765625 0.03933671875 0.0592626953125 0.23704921875 0.580599609375 2 0.24048515625000003 0.5642802734375 2 0.24306171875000002 0.54946484375 2 0.2495890625 0.533146484375 2 0.25800625 0.5816728515625 2 0.25577265625 0.5647099609375 2 0.25371171875 0.54903515625 2 0.0 0.0 0.0 0.0 0.0 0.0 0.0 0.0 0.0 0.0 0.0 0.0
2 0.28560859375000003 0.552828125 0.0290296875 0.049015625 0.27609374999999997 0.56943359375 2 0.278515625 0.555859375 2 0.280859375 0.54306640625 2 0.28625 0.52900390625 2 0.2928765625 0.57029296875 2 0.29117187499999997 0.5560546875 2 0.29 0.543359375 2 0.0 0.0 0.0 0.0 0.0 0.0 0.0 0.0 0.0 0.0 0.0 0.0
2 0.62082578125 0.65423583984375 0.08383906249999999 0.1424560546875 0.59703125 0.70107421875 2 0.604453125 0.66005859375 2 0.610359375 0.6226787109375 2 0.62423828125 0.58500390625 2 0.647825 0.7035234375 2 0.64245390625 0.6617783203125 2 0.6377828125 0.6252890625 2 0.0 0.0 0.0 0.0 0.0 0.0 0.0 0.0 0.0 0.0 0.0 0.0
2 0.82405234375 0.61364208984375 0.06372968749999999 0.0905654296875 0.80581015625 0.6450029296875 2 0.8104617187500001 0.6185458984375 2 0.8162765625 0.5945595703125 2 0.826278125 0.5705732421875 2 0.8403499999999999 0.64718359375 2 0.8363953125 0.6210166015625 2 0.83372109375 0.596740234375 2 0.0 0.0 0.0 0.0 0.0 0.0 0.0 0.0 0.0 0.0 0.0 0.0
2 0.9100539062499999 0.5952080078125 0.0419828125 0.065416015625 0.8980546875 0.617216796875 2 0.9012882812499999 0.5996474609375 2 0.90501015625 0.5813310546875 2 0.9122203125 0.56388671875 2 0.9230359375000001 0.6186904296875 2 0.920709375 0.5993564453125 2 0.9181515625 0.582203125 2 0.0 0.0 0.0 0.0 0.0 0.0 0.0 0.0 0.0 0.0 0.0 0.0
2 0.7538703124999999 0.5744609375 0.034303125000000004 0.051265625 0.7441765625000001 0.591515625 2 0.74644921875 0.5779892578125 2 0.74893828125 0.5636513671875 2 0.75413203125 0.5494482421875 2 0.7623562500000001 0.592462890625 2 0.76030078125 0.5779892578125 2 0.75867734375 0.5640576171875 2 0.0 0.0 0.0 0.0 0.0 0.0 0.0 0.0 0.0 0.0 0.0 0.0
2 0.6564296875 0.578603515625 0.034734375 0.05759765625 0.6465 0.598345703125 2 0.6490734375 0.5818271484375 2 0.6521140625 0.5660390625 2 0.6573765625 0.5501044921875 2 0.66696640625 0.599662109375 2 0.66486171875 0.5825576171875 2 0.66252265625 0.5673544921875 2 0.0 0.0 0.0 0.0 0.0 0.0 0.0 0.0 0.0 0.0 0.0 0.0
2 0.572818359375 0.58714599609375 0.04251171875 0.0707763671875 0.55970625 0.6117314453125 2 0.56289765625 0.5923359375 2 0.5666390625 0.5728017578125 2 0.5734625 0.55285546875 2 0.5855671874999999 0.6133818359375 2 0.58281640625 0.5928857421875 2 0.580175 0.57321484375 2 0.0 0.0 0.0 0.0 0.0 0.0 0.0 0.0 0.0 0.0 0.0 0.0
2 0.5159339843749999 0.60082470703125 0.061555468749999995 0.0883681640625 0.5005499999999999 0.6310751953125 2 0.5050328125 0.605642578125 2 0.50934375 0.58171875 2 0.5183093750000001 0.5580107421875 2 0.53227578125 0.6321533203125 2 0.52917265625 0.606720703125 2 0.5260687500000001 0.582796875 2 0.0 0.0 0.0 0.0 0.0 0.0 0.0 0.0 0.0 0.0 0.0 0.0
2 0.5387941406250001 0.5669736328125 0.027588281250000003 0.055822265625 0.5284828125 0.5858134765625 2 0.5315859374999999 0.571373046875 2 0.53382734375 0.55844140625 2 0.53968984375 0.5405517578125 2 0.5471046875 0.58667578125 2 0.545725 0.5722353515625 2 0.5441734375 0.55844140625 2 0.0 0.0 0.0 0.0 0.0 0.0 0.0 0.0 0.0 0.0 0.0 0.0
2 0.455873828125 0.5594033203125 0.03362265625 0.048494140625 0.4477875 0.5758994140625 2 0.449684375 0.5625361328125 2 0.45158125 0.55003515625 2 0.45623671874999994 0.536888671875 2 0.46365078125 0.5765458984375 2 0.46175390624999996 0.5623212890625 2 0.460546875 0.55003515625 2 0.0 0.0 0.0 0.0 0.0 0.0 0.0 0.0 0.0 0.0 0.0 0.0
2 0.401396875 0.57356103515625 0.04810625 0.0650908203125 0.38778359375 0.5965908203125 2 0.39071484375 0.577408203125 2 0.39450859375 0.56102734375 2 0.4020953125 0.5427080078125 2 0.411578125 0.59766796875 2 0.40864687499999997 0.5782705078125 2 0.4070953125 0.561458984375 2 0.0 0.0 0.0 0.0 0.0 0.0 0.0 0.0 0.0 0.0 0.0 0.0
