2 0.729769921875 0.515685546875 0.04391484375 0.07433984375 0.71640625 0.53564453125 2 0.72140625 0.51748046875 2 0.72609375 0.4986328125 2 0.7352921875 0.4803837890625 2 0.74265625 0.5416015625 2 0.7413609375 0.519416015625 2 0.7399265625 0.5012099609375 2 0.0 0.0 0.0 0.0 0.0 0.0 0.0 0.0 0.0 0.0 0.0 0.0
2 0.6613671875 0.47197265625 0.036796875 0.0591796875 0.651640625 0.4900390625 2 0.65546875 0.475 2 0.659296875 0.45927734375 2 0.666484375 0.44365234375 2 0.6720312500000001 0.49306640625 2 0.671015625 0.47578125 2 0.6702343749999999 0.46142578125 2 0.0 0.0 0.0 0.0 0.0 0.0 0.0 0.0 0.0 0.0 0.0 0.0
2 0.6678515625 0.4291015625 0.027890625000000002 0.03984375 0.660078125 0.4412109375 2 0.6628125 0.43125 2 0.665546875 0.4212890625 2 0.6696875 0.4109375 2 0.673828125 0.44208984375 2 0.673203125 0.43115234375 2 0.67265625 0.42158203125 2 0.0 0.0 0.0 0.0 0.0 0.0 0.0 0.0 0.0 0.0 0.0 0.0
2 0.5659562499999999 0.42493115234375 0.0287875 0.0451748046875 0.556015625 0.44033203125 2 0.55953125 0.42861328125 2 0.56203125 0.41796875 2 0.56694609375 0.403333984375 2 0.571875 0.4419921875 2 0.571796875 0.42978515625 2 0.570390625 0.41796875 2 0.0 0.0 0.0 0.0 0.0 0.0 0.0 0.0 0.0 0.0 0.0 0.0
2 0.5674609375 0.39990234375 0.019296874999999998 0.0341796875 0.56171875 0.4109375 2 0.563515625 0.40283203125 2 0.5658593749999999 0.3947265625 2 0.569140625 0.385546875 2 0.5721093749999999 0.41240234375 2 0.5715625 0.40234375 2 0.571640625 0.39453125 2 0.0 0.0 0.0 0.0 0.0 0.0 0.0 0.0 0.0 0.0 0.0 0.0
2 0.482115234375 0.4944990234375 0.054855468750000004 0.078841796875 0.46914921875 0.517353515625 2 0.47449140625 0.4960380859375 2 0.4782921875 0.47677734375 2 0.48733203124999996 0.45764453125 2 0.49575546875 0.5208212890625 2 0.49390625000000005 0.499248046875 2 0.49287890624999997 0.47857421875 2 0.0 0.0 0.0 0.0 0.0 0.0 0.0 0.0 0.0 0.0 0.0 0.0
2 0.5022492187500001 0.44213330078125 0.0357484375 0.0541884765625 0.49308515625 0.4593134765625 2 0.4960640625 0.4457021484375 2 0.49893984375 0.431833984375 2 0.5053093750000001 0.416810546875 2 0.51106171875 0.460982421875 2 0.5106507812500001 0.446986328125 2 0.5093156249999999 0.431962890625 2 0.0 0.0 0.0 0.0 0.0 0.0 0.0 0.0 0.0 0.0 0.0 0.0
2 0.5034875000000001 0.40109716796875 0.022600000000000002 0.0385224609375 0.496484375 0.413671875 2 0.49893984375 0.4044833984375 2 0.50099453125 0.3943388671875 2 0.5044875 0.38522265625 2 0.5081851562499999 0.4146279296875 2 0.50715859375 0.4044833984375 2 0.5065421875 0.394724609375 2 0.0 0.0 0.0 0.0 0.0 0.0 0.0 0.0 0.0 0.0 0.0 0.0
2 0.4183203125 0.4115234375 0.028828125 0.04375 0.41 0.42529296875 2 0.412578125 0.4140625 2 0.41507812499999996 0.40234375 2 0.419921875 0.391015625 2 0.4253125 0.42734375 2 0.4246875 0.415625 2 0.423359375 0.4025390625 2 0.0 0.0 0.0 0.0 0.0 0.0 0.0 0.0 0.0 0.0 0.0 0.0
2 0.3959765625 0.393017578125 0.023203124999999998 0.03798828125 0.38921875 0.4048828125 2 0.3909375 0.3951171875 2 0.393984375 0.3849609375 2 0.3978125 0.37548828125 2 0.40164062500000003 0.40615234375 2 0.40132812500000004 0.39609375 2 0.399921875 0.3849609375 2 0.0 0.0 0.0 0.0 0.0 0.0 0.0 0.0 0.0 0.0 0.0 0.0
2 0.3679296875 0.375634765625 0.018671874999999998 0.03056640625 0.36343749999999997 0.38564453125 2 0.364375 0.3791015625 2 0.36734374999999997 0.36923828125 2 0.370234375 0.3619140625 2 0.373984375 0.3865234375 2 0.37320312499999997 0.37880859375 2 0.37179687499999997 0.3693359375 2 0.0 0.0 0.0 0.0 0.0 0.0 0.0 0.0 0.0 0.0 0.0 0.0
2 0.374140625 0.419775390625 0.031093749999999996 0.05048828125 0.365234375 0.43515625 2 0.3678125 0.42197265625 2 0.370078125 0.4103515625 2 0.37640625 0.39580078125 2 0.383046875 0.43740234375 2 0.38265625000000003 0.42421875 2 0.3796875 0.4103515625 2 0.0 0.0 0.0 0.0 0.0 0.0 0.0 0.0 0.0 0.0 0.0 0.0
2 0.36998085937499997 0.4566083984375 0.04933671875 0.071419921875 0.357903125 0.4788505859375 2 0.36248125 0.460625 2 0.3648546875 0.4448359375 2 0.37206015625 0.422583984375 2 0.38172421875 0.4809697265625 2 0.3796046875 0.4623203125 2 0.37799375 0.445259765625 2 0.0 0.0 0.0 0.0 0.0 0.0 0.0 0.0 0.0 0.0 0.0 0.0
2 0.264802734375 0.4297548828125 0.04366796875 0.058728515625 0.2517359375 0.4472548828125 2 0.2552 0.43204296875 2 0.2581953125 0.4170634765625 2 0.26436875 0.401212890625 2 0.27214453125000004 0.449478515625 2 0.2715828125 0.4336806640625 2 0.26905546875 0.4175322265625 2 0.0 0.0 0.0 0.0 0.0 0.0 0.0 0.0 0.0 0.0 0.0 0.0
2 0.267635546875 0.39354345703125 0.029021093749999997 0.0429462890625 0.2604421875 0.4075849609375 1 0.261753125 0.3965849609375 2 0.26409375 0.3848828125 2 0.26914921875000003 0.3732978515625 2 0.27560859375 0.40945703125 2 0.27467265625000004 0.39869140625 2 0.27326796875000003 0.384765625 2 0.0 0.0 0.0 0.0 0.0 0.0 0.0 0.0 0.0 0.0 0.0 0.0
2 0.2864453125 0.372509765625 0.019765625000000002 0.03408203125 0.28054687500000003 0.383984375 2 0.28265625 0.37529296875 2 0.284296875 0.36552734375 2 0.28695312500000003 0.355859375 2 0.292109375 0.3845703125 2 0.290546875 0.3751953125 2 0.289453125 0.36552734375 2 0.0 0.0 0.0 0.0 0.0 0.0 0.0 0.0 0.0 0.0 0.0 0.0
2 0.17354296875 0.3702822265625 0.025210937500000002 0.039392578125 0.16597421875 0.3825927734375 2 0.16774375 0.3736083984375 2 0.17028671875 0.361306640625 2 0.1736046875 0.3516318359375 2 0.17946484375 0.384251953125 2 0.17902265625 0.37512890625 2 0.17658984375 0.3614453125 2 0.0 0.0 0.0 0.0 0.0 0.0 0.0 0.0 0.0 0.0 0.0 0.0
2 0.05624453124999999 0.37740087890625 0.031239062499999998 0.0477705078125 0.04626796875 0.3937041015625 2 0.04938046875 0.3809560546875 2 0.05163515625 0.3668671875 2 0.056788281249999996 0.3562666015625 2 0.06451718749999999 0.394912109375 2 0.06290703125 0.3821640625 2 0.060652343750000004 0.3671357421875 2 0.0 0.0 0.0 0.0 0.0 0.0 0.0 0.0 0.0 0.0 0.0 0.0
2 0.085383203125 0.393689453125 0.03639140625 0.05300390625 0.072265625 0.41318359375 1 0.076875 0.39814453125 1 0.08046875 0.3830078125 2 0.08598671875 0.3692822265625 2 0.09425312500000001 0.4134296875 2 0.09328671875 0.4004140625 2 0.09049531250000001 0.3828349609375 2 0.0 0.0 0.0 0.0 0.0 0.0 0.0 0.0 0.0 0.0 0.0 0.0
2 0.07543203125 0.42924853515625 0.046176562500000004 0.0713876953125 0.06209921875 0.451150390625 2 0.0663453125 0.4323076171875 2 0.0700609375 0.4134658203125 2 0.0772796875 0.395419921875 2 0.08938046875 0.4534052734375 2 0.08608984374999999 0.433767578125 2 0.0838609375 0.41399609375 2 0.0 0.0 0.0 0.0 0.0 0.0 0.0 0.0 0.0 0.0 0.0 0.0
