2 0.755471875 0.58636767578125 0.04688125 0.0789853515625 0.7411 0.611921875 2 0.7441578125 0.5909013671875 2 0.7475015625 0.57085546875 2 0.7565578125 0.5484365234375 2 0.769296875 0.6136201171875 2 0.7657296875 0.591326171875 2 0.76324921875 0.57133984375 2 0.0 0.0 0.0 0.0 0.0 0.0 0.0 0.0 0.0 0.0 0.0 0.0
2 0.6788660156249999 0.56004248046875 0.03898203125 0.0595380859375 0.66618125 0.580859375 2 0.66953671875 0.5632724609375 2 0.6726351562499999 0.5477822265625 2 0.6790890625 0.5311630859375 2 0.68825390625 0.581666015625 2 0.68554296875 0.5635947265625 2 0.68360703125 0.5479443359375 2 0.0 0.0 0.0 0.0 0.0 0.0 0.0 0.0 0.0 0.0 0.0 0.0
2 0.6769125 0.53058837890625 0.0241375 0.0396923828125 0.669921875 0.54423828125 2 0.672265625 0.5333984375 2 0.6740625 0.52333984375 2 0.6782812500000001 0.51201171875 2 0.6849999999999999 0.5455078125 2 0.682734375 0.53291015625 2 0.6810937499999999 0.52333984375 2 0.0 0.0 0.0 0.0 0.0 0.0 0.0 0.0 0.0 0.0 0.0 0.0
2 0.5708621093749999 0.5345771484375 0.027661718749999998 0.041810546875 0.56271796875 0.5493212890625 2 0.5647656249999999 0.53701171875 2 0.567 0.5253056640625 2 0.5716296875 0.5137314453125 2 0.5779953124999999 0.5496103515625 2 0.5763281250000001 0.53740234375 2 0.57579609375 0.5258837890625 2 0.0 0.0 0.0 0.0 0.0 0.0 0.0 0.0 0.0 0.0 0.0 0.0
2 0.57234375 0.51689453125 0.0196875 0.0318359375 0.5665625000000001 0.52841796875 1 0.5675 0.5197265625 2 0.5689062500000001 0.51142578125 2 0.57184140625 0.501671875 2 0.577109375 0.52802734375 2 0.5760156249999999 0.5193359375 2 0.57484375 0.51181640625 2 0.0 0.0 0.0 0.0 0.0 0.0 0.0 0.0 0.0 0.0 0.0 0.0
2 0.5060156250000001 0.521142578125 0.021406249999999998 0.03642578125 0.499375 0.5341796875 2 0.5003124999999999 0.5234375 2 0.50203125 0.514453125 2 0.5054898437500001 0.5033896484375 2 0.5103125000000001 0.5341796875 1 0.509375 0.523046875 1 0.5081249999999999 0.5146484375 2 0.0 0.0 0.0 0.0 0.0 0.0 0.0 0.0 0.0 0.0 0.0 0.0
2 0.50953125 0.547705078125 0.033125 0.05439453125 0.49617187500000004 0.5677734375 2 0.498515625 0.551953125 2 0.5009375 0.53740234375 2 0.5064062500000001 0.52197265625 2 0.515390625 0.56787109375 2 0.513671875 0.55244140625 2 0.5114062500000001 0.53720703125 2 0.0 0.0 0.0 0.0 0.0 0.0 0.0 0.0 0.0 0.0 0.0 0.0
2 0.48608984375000003 0.584490234375 0.0581171875 0.08304296875 0.47221328125 0.6119697265625 2 0.4764765625 0.587927734375 2 0.48042734375 0.5672646484375 2 0.48822421875 0.54465234375 2 0.50111640625 0.6128798828125 2 0.498309375 0.589357421875 2 0.49518984374999997 0.5686943359375 2 0.0 0.0 0.0 0.0 0.0 0.0 0.0 0.0 0.0 0.0 0.0 0.0
2 0.4179953125 0.5306220703125 0.026615624999999997 0.043666015625 0.409521875 0.54712109375 2 0.41128984375 0.53503515625 2 0.41368046875 0.5219091796875 2 0.41773515625 0.509953125 2 0.42449296875 0.5477705078125 2 0.42314140624999996 0.5355546875 2 0.42137421875000003 0.521779296875 2 0.0 0.0 0.0 0.0 0.0 0.0 0.0 0.0 0.0 0.0 0.0 0.0
2 0.395445703125 0.520080078125 0.02370390625 0.03820703125 0.38779296875 0.5337353515625 2 0.38945703125 0.52346875 2 0.39174375 0.5132021484375 2 0.39538281249999996 0.5013759765625 2 0.40068515624999995 0.5339951171875 2 0.3996453125 0.5235986328125 2 0.39829375 0.5137216796875 2 0.0 0.0 0.0 0.0 0.0 0.0 0.0 0.0 0.0 0.0 0.0 0.0
2 0.36717109375 0.510060546875 0.017154687499999998 0.03183984375 0.362321875 0.5219091796875 2 0.36377734375 0.5132021484375 2 0.36481640625 0.5056650390625 2 0.3676234375 0.4953984375 2 0.37188671875 0.521259765625 1 0.37043125 0.5138515625 2 0.37022265625 0.5056650390625 2 0.0 0.0 0.0 0.0 0.0 0.0 0.0 0.0 0.0 0.0 0.0 0.0
2 0.37158515625 0.53862158203125 0.0306703125 0.0518525390625 0.36190546874999996 0.555828125 1 0.36502500000000004 0.5421826171875 1 0.367 0.5286669921875 1 0.37110546875 0.5137265625 2 0.38134765625 0.55777734375 2 0.3791640625 0.5428330078125 2 0.3768765625 0.528796875 2 0.0 0.0 0.0 0.0 0.0 0.0 0.0 0.0 0.0 0.0 0.0 0.0
2 0.36677382812500003 0.56386181640625 0.05073515625 0.0730361328125 0.35338046875 0.5881875 2 0.3561875 0.569083984375 2 0.35837109375 0.5519296875 2 0.36616796875 0.5276279296875 2 0.37729296875 0.589876953125 2 0.37479765625 0.56934375 2 0.37251015625 0.5517998046875 2 0.0 0.0 0.0 0.0 0.0 0.0 0.0 0.0 0.0 0.0 0.0 0.0
2 0.049375 0.557240234375 0.04875 0.07346484375 0.03422890625 0.58319140625 2 0.039065625 0.5622626953125 2 0.0424140625 0.5425751953125 2 0.050971093749999995 0.5228876953125 2 0.063125 0.5842763671875 2 0.060396093750000004 0.563658203125 2 0.057915625000000005 0.541955078125 2 0.0 0.0 0.0 0.0 0.0 0.0 0.0 0.0 0.0 0.0 0.0 0.0
2 0.037366015625 0.52488427734375 0.027857031249999997 0.0458623046875 0.02963984375 0.5431953125 2 0.03125234375 0.5312587890625 2 0.03360859375 0.51513671875 2 0.0388171875 0.5028896484375 2 0.04762265625 0.5433505859375 1 0.04563828125 0.5309482421875 2 0.043282031250000005 0.5156015625 2 0.0 0.0 0.0 0.0 0.0 0.0 0.0 0.0 0.0 0.0 0.0 0.0
2 0.069887890625 0.534751953125 0.03352578125 0.05583203125 0.05506328125 0.554046875 2 0.0581640625 0.5387001953125 2 0.06089218749999999 0.5233525390625 2 0.0668453125 0.50816015625 2 0.07701484374999999 0.555287109375 2 0.07478203125 0.5408701171875 2 0.07279843750000001 0.5236630859375 2 0.0 0.0 0.0 0.0 0.0 0.0 0.0 0.0 0.0 0.0 0.0 0.0
2 0.164600390625 0.5152197265625 0.02295078125 0.038251953125 0.15607890625 0.5300546875 2 0.15830546875 0.51851171875 2 0.16011953125 0.50779296875 2 0.16424140625 0.4972802734375 2 0.1716625 0.53087890625 2 0.16993125 0.51902734375 2 0.16869375 0.507896484375 2 0.0 0.0 0.0 0.0 0.0 0.0 0.0 0.0 0.0 0.0 0.0 0.0
2 0.252339453125 0.5511767578125 0.042178906249999995 0.061337890625 0.24066640625 0.5722021484375 2 0.24300937500000003 0.5546279296875 2 0.24645546875000002 0.5379150390625 2 0.2523828125 0.5212021484375 2 0.2625828125 0.571857421875 2 0.2602390625 0.55514453125 2 0.25803359375 0.538431640625 2 0.0 0.0 0.0 0.0 0.0 0.0 0.0 0.0 0.0 0.0 0.0 0.0
2 0.26268125 0.52604638671875 0.0253625 0.0442802734375 0.25196874999999996 0.5410166015625 1 0.25486328125 0.5298173828125 1 0.25679296875 0.5172392578125 2 0.260790625 0.5053505859375 2 0.2689234375 0.54222265625 2 0.26809609375 0.5305068359375 2 0.2653390625 0.5172392578125 2 0.0 0.0 0.0 0.0 0.0 0.0 0.0 0.0 0.0 0.0 0.0 0.0
2 0.2835453125 0.51251904296875 0.021778125000000002 0.0348037109375 0.27705546875 0.5246484375 2 0.27898515625 0.5156884765625 2 0.27995000000000003 0.5060400390625 2 0.2827453125 0.4959208984375 2 0.28780703124999996 0.5249931640625 2 0.28670390625 0.51534375 2 0.28573984375 0.506384765625 2 0.0 0.0 0.0 0.0 0.0 0.0 0.0 0.0 0.0 0.0 0.0 0.0
