0 0.27890625 0.55517578125 0.0671875 0.1025390625 0.260921875 0.5905126953125 2 0.263715625 0.56069140625 2 0.26543515625 0.5354375 2 0.27361171875 0.5072900390625 2 0.29745937499999997 0.583796875 2 0.29165625 0.5585419921875 2 0.28520859375 0.532482421875 2 0.0 0.0 0.0 0.0 0.0 0.0 0.0 0.0 0.0 0.0 0.0 0.0
1 0.97109375 0.46630859375 0.05625 0.0810546875 0.95630703125 0.494884765625 2 0.96076328125 0.4728017578125 2 0.964665625 0.4514365234375 2 0.9744859375000001 0.4279306640625 2 0.98527578125 0.4955 2 0.9827390625 0.473244140625 2 0.981171875 0.451697265625 2 0.0 0.0 0.0 0.0 0.0 0.0 0.0 0.0 0.0 0.0 0.0 0.0
0 0.340234375 0.46298876953125 0.04609375 0.0705087890625 0.3285078125 0.489212890625 2 0.3305734375 0.4682373046875 2 0.33276796875 0.4500048828125 2 0.33876640625 0.43133984375 2 0.352775 0.486146484375 2 0.34903203125000004 0.4672685546875 2 0.34593359375 0.4490361328125 2 0.0 0.0 0.0 0.0 0.0 0.0 0.0 0.0 0.0 0.0 0.0 0.0
1 0.829296875 0.40966796875 0.03828125 0.0556640625 0.81871328125 0.430203125 2 0.82167265625 0.4132294921875 2 0.8239359374999999 0.399412109375 2 0.8297671875000001 0.3825478515625 2 0.8394078125 0.4305419921875 2 0.8367304687500001 0.4133388671875 2 0.83533828125 0.3995205078125 2 0.0 0.0 0.0 0.0 0.0 0.0 0.0 0.0 0.0 0.0 0.0 0.0
1 0.468359375 0.37939453125 0.02421875 0.0380859375 0.46140625 0.39375 2 0.46218750000000003 0.38193359375 2 0.463203125 0.37138671875 2 0.467265625 0.3609375 2 0.475078125 0.39296875 2 0.473046875 0.381640625 2 0.47109375 0.37158203125 2 0.0 0.0 0.0 0.0 0.0 0.0 0.0 0.0 0.0 0.0 0.0 0.0
0 0.087890625 0.42138671875 0.03203125 0.0498046875 0.08009609375 0.440302734375 2 0.08083671875000001 0.424970703125 2 0.08166015625 0.412623046875 2 0.08528203125 0.398216796875 2 0.09787734375 0.438244140625 2 0.09417265625 0.42425 2 0.09195 0.412314453125 2 0.0 0.0 0.0 0.0 0.0 0.0 0.0 0.0 0.0 0.0 0.0 0.0
1 0.6359375 0.3837890625 0.0265625 0.04296875 0.628203125 0.40048828125 2 0.629296875 0.387109375 2 0.63078125 0.375 2 0.63515625 0.36259765625 2 0.64265625 0.40009765625 2 0.6400781249999999 0.38720703125 2 0.63875 0.37568359375 2 0.0 0.0 0.0 0.0 0.0 0.0 0.0 0.0 0.0 0.0 0.0 0.0
1 0.01171875 0.38916015625 0.021875 0.0341796875 0.005546875 0.40234375 2 0.0059375 0.39189453125 2 0.0064843750000000006 0.38310546875 2 0.009442187500000001 0.3725234375 2 0.018359375 0.4017578125 2 0.015078125000000001 0.3916015625 2 0.013750000000000002 0.3830078125 2 0.0 0.0 0.0 0.0 0.0 0.0 0.0 0.0 0.0 0.0 0.0 0.0
0 0.248046875 0.43115234375 0.03671875 0.0537109375 0.23809999999999998 0.45141015625 2 0.239221875 0.434068359375 2 0.24105859375 0.4202958984375 2 0.245853125 0.4052490234375 2 0.25758437500000003 0.4489873046875 2 0.25452421875 0.4339404296875 2 0.25146328125 0.4192763671875 2 0.0 0.0 0.0 0.0 0.0 0.0 0.0 0.0 0.0 0.0 0.0 0.0
1 0.241796875 0.38037109375 0.02109375 0.0341796875 0.236484375 0.39404296875 2 0.23671875 0.383203125 2 0.238046875 0.37373046875 2 0.241015625 0.36455078125 2 0.24898437499999998 0.39296875 2 0.24679687499999997 0.38310546875 2 0.24562499999999998 0.373828125 2 0.0 0.0 0.0 0.0 0.0 0.0 0.0 0.0 0.0 0.0 0.0 0.0
