0 0.237890625 0.412158203125 0.03203125 0.04892578125 0.22789062499999999 0.42919921875 2 0.228359375 0.41494140625 2 0.2296875 0.40146484375 2 0.23484375000000002 0.38828125 2 0.24515625000000002 0.42958984375 2 0.242265625 0.41513671875 2 0.24 0.40126953125 2 0.0 0.0 0.0 0.0 0.0 0.0 0.0 0.0 0.0 0.0 0.0 0.0
1 0.801953125 0.42041015625 0.04296875 0.0615234375 0.7913734375 0.4420732421875 2 0.79483671875 0.4243212890625 2 0.79714609375 0.4077236328125 2 0.80395859375 0.390404296875 2 0.8144656250000001 0.4419287109375 2 0.81157890625 0.4241767578125 2 0.80973203125 0.4077236328125 2 0.0 0.0 0.0 0.0 0.0 0.0 0.0 0.0 0.0 0.0 0.0 0.0
0 0.38125 0.47607421875 0.0546875 0.0771484375 0.36800859375 0.5008916015625 2 0.36948984375 0.4806494140625 2 0.37160703125 0.45974609375 2 0.37838046875 0.4388427734375 2 0.3933046875 0.50009765625 2 0.38928281249999996 0.47985546875 2 0.38589531250000003 0.460275390625 2 0.0 0.0 0.0 0.0 0.0 0.0 0.0 0.0 0.0 0.0 0.0 0.0
0 0.299609375 0.735837890625 0.13046875 0.18651953125 0.266721875 0.785783203125 2 0.27299765625 0.73675390625 2 0.277965625 0.6929541015625 2 0.29188359375 0.6469384765625 2 0.32764921875 0.7733623046875 2 0.31875859375000004 0.7308701171875 2 0.30960624999999997 0.690666015625 2 0.0 0.0 0.0 0.0 0.0 0.0 0.0 0.0 0.0 0.0 0.0 0.0
1 0.6 0.37939453125 0.028125 0.0439453125 0.592421875 0.39609375 2 0.5940624999999999 0.3828125 2 0.595703125 0.37119140625 2 0.6009375 0.358203125 2 0.608203125 0.39560546875 2 0.6059375 0.3830078125 2 0.6051562500000001 0.37158203125 2 0.0 0.0 0.0 0.0 0.0 0.0 0.0 0.0 0.0 0.0 0.0 0.0
1 0.48203125 0.35986328125 0.0234375 0.0361328125 0.47664062500000004 0.37314453125 2 0.47757812499999996 0.36376953125 2 0.478359375 0.35439453125 2 0.482109375 0.34267578125 2 0.48859375 0.3728515625 2 0.487109375 0.36357421875 2 0.485859375 0.354296875 2 0.0 0.0 0.0 0.0 0.0 0.0 0.0 0.0 0.0 0.0 0.0 0.0
0 0.1609375 0.38203125 0.021875 0.035546875 0.154453125 0.394921875 2 0.1546875 0.3841796875 2 0.155546875 0.37470703125 2 0.1590625 0.364453125 2 0.167265625 0.39501953125 2 0.16484375 0.38486328125 2 0.1628125 0.374609375 2 0.0 0.0 0.0 0.0 0.0 0.0 0.0 0.0 0.0 0.0 0.0 0.0
0 0.142578125 0.36669921875 0.01796875 0.0302734375 0.1371875 0.3779296875 2 0.13765624999999998 0.369140625 2 0.13765624999999998 0.361328125 2 0.141015625 0.35283203125 2 0.14750000000000002 0.3775390625 2 0.145703125 0.36923828125 2 0.14453125 0.36142578125 2 0.0 0.0 0.0 0.0 0.0 0.0 0.0 0.0 0.0 0.0 0.0 0.0
1 0.4119140625 0.350390625 0.020703125 0.030859375 0.40671875 0.36123046875 2 0.408046875 0.35322265625 2 0.4090625 0.3455078125 2 0.41186718750000006 0.3357412109375 2 0.417109375 0.36044921875 2 0.41578125000000005 0.35263671875 2 0.41484375 0.34521484375 2 0.0 0.0 0.0 0.0 0.0 0.0 0.0 0.0 0.0 0.0 0.0 0.0
1 0.3626171875 0.343017578125 0.017421875 0.02783203125 0.358984375 0.35107421875 2 0.359921875 0.3447265625 2 0.3603125 0.3384765625 2 0.3621875 0.3302734375 2 0.3665625 0.351171875 2 0.36546875 0.34453125 2 0.36453125000000003 0.33798828125 2 0.0 0.0 0.0 0.0 0.0 0.0 0.0 0.0 0.0 0.0 0.0 0.0
