0 0.384765625 0.52197265625 0.05703125 0.0908203125 0.3681703125 0.5539755859375 2 0.3711796875 0.5279150390625 2 0.37354375 0.5026611328125 2 0.38063671875 0.4787509765625 2 0.39783046875 0.5520947265625 2 0.39310234374999997 0.525228515625 2 0.3894484375 0.502392578125 2 0.0 0.0 0.0 0.0 0.0 0.0 0.0 0.0 0.0 0.0 0.0 0.0
0 0.637890625 0.42529296875 0.03671875 0.0576171875 0.6266140625000001 0.4458828125 2 0.629671875 0.4303837890625 2 0.6321687500000001 0.412884765625 2 0.63714609375 0.397685546875 2 0.64648828125 0.4454580078125 2 0.6442796875 0.4295341796875 2 0.64173203125 0.4131845703125 2 0.0 0.0 0.0 0.0 0.0 0.0 0.0 0.0 0.0 0.0 0.0 0.0
0 0.08046875 0.3935546875 0.021875 0.03515625 0.07421875 0.40751953125 2 0.074453125 0.39609375 2 0.076171875 0.38544921875 2 0.07875 0.37607421875 2 0.08703125 0.405859375 2 0.0853125 0.39599609375 2 0.08234375000000001 0.38564453125 2 0.0 0.0 0.0 0.0 0.0 0.0 0.0 0.0 0.0 0.0 0.0 0.0
0 0.31484375 0.37646484375 0.0203125 0.0322265625 0.3090625 0.38935546875 2 0.31062500000000004 0.37998046875 2 0.3115625 0.36953125 2 0.31478203125 0.3600625 2 0.3209375 0.3890625 2 0.3196875 0.37958984375 2 0.3178125 0.36923828125 2 0.0 0.0 0.0 0.0 0.0 0.0 0.0 0.0 0.0 0.0 0.0 0.0
0 0.66875 0.38427734375 0.025 0.0400390625 0.66142734375 0.399765625 2 0.66246015625 0.3878603515625 2 0.6644109375 0.374376953125 2 0.66819765625 0.3639052734375 2 0.67496796875 0.399765625 2 0.6737062500000001 0.38843359375 2 0.67209921875 0.3742333984375 2 0.0 0.0 0.0 0.0 0.0 0.0 0.0 0.0 0.0 0.0 0.0 0.0
0 0.496875 0.368359375 0.0203125 0.03359375 0.49117187500000004 0.38017578125 2 0.49265625 0.37138671875 2 0.494103125 0.36083984375 2 0.49703984375 0.3523115234375 2 0.50328125 0.3794921875 2 0.501484375 0.370703125 2 0.49953125 0.3607421875 2 0.0 0.0 0.0 0.0 0.0 0.0 0.0 0.0 0.0 0.0 0.0 0.0
1 0.967578125 0.3544921875 0.02109375 0.033203125 0.96165859375 0.36691796875 2 0.9622796875 0.356498046875 2 0.96423046875 0.3471865234375 2 0.96893046875 0.337986328125 2 0.9745179687500001 0.36691796875 2 0.9736312500000001 0.356609375 2 0.9723007812500001 0.3471865234375 2 0.0 0.0 0.0 0.0 0.0 0.0 0.0 0.0 0.0 0.0 0.0 0.0
1 0.11796875 0.3701171875 0.0171875 0.02734375 0.113359375 0.38037109375 2 0.114140625 0.37138671875 2 0.115078125 0.365234375 2 0.117109375 0.356640625 2 0.12296875 0.380078125 2 0.12156249999999999 0.371875 2 0.12046874999999999 0.364453125 2 0.0 0.0 0.0 0.0 0.0 0.0 0.0 0.0 0.0 0.0 0.0 0.0
1 0.4703125 0.35107421875 0.015625 0.0263671875 0.46578125000000004 0.36044921875 2 0.46656250000000005 0.35185546875 2 0.46703124999999995 0.3458984375 2 0.470390625 0.3373046875 2 0.47468750000000004 0.36025390625 2 0.47375 0.351953125 2 0.47320312500000006 0.3462890625 2 0.0 0.0 0.0 0.0 0.0 0.0 0.0 0.0 0.0 0.0 0.0 0.0
1 0.36953125 0.35546875 0.015625 0.025390625 0.36531250000000004 0.363671875 2 0.366171875 0.35595703125 2 0.366796875 0.35 2 0.369765625 0.3421875 2 0.37429687500000003 0.36416015625 2 0.37289062500000003 0.35625 2 0.3725 0.35009765625 2 0.0 0.0 0.0 0.0 0.0 0.0 0.0 0.0 0.0 0.0 0.0 0.0
