0 0.491015625 0.5859375 0.07265625 0.1171875 0.47256484375 0.62030078125 2 0.47702578124999995 0.589603515625 2 0.47987890625 0.5594296875 2 0.4892484375 0.5302646484375 2 0.5111109375 0.6218955078125 2 0.50486484375 0.5876767578125 2 0.5009140624999999 0.5616416015625 2 0.0 0.0 0.0 0.0 0.0 0.0 0.0 0.0 0.0 0.0 0.0 0.0
0 0.08828125 0.371142578125 0.021875 0.02939453125 0.081796875 0.38388671875 2 0.0828125 0.3740234375 2 0.08351562500000001 0.36630859375 2 0.08648671875 0.3570859375 2 0.09367734375 0.38319140625 2 0.09172578125 0.37380859375 2 0.08962421875 0.365927734375 2 0.0 0.0 0.0 0.0 0.0 0.0 0.0 0.0 0.0 0.0 0.0 0.0
0 0.669226953125 0.439787109375 0.04001640625 0.06512109375 0.6574765625000001 0.4613203125 2 0.66028671875 0.442341796875 2 0.66381875 0.4258349609375 2 0.668953125 0.41016796875 2 0.67333203125 0.4262119140625 2 0.6758992187499999 0.4416904296875 2 0.67876796875 0.4613203125 2 0.0 0.0 0.0 0.0 0.0 0.0 0.0 0.0 0.0 0.0 0.0 0.0
0 0.68987734375 0.3946884765625 0.025067187499999997 0.047189453125 0.6802343750000001 0.41162109375 2 0.682734375 0.39638671875 2 0.68359375 0.38388671875 2 0.6875265625 0.3716611328125 2 0.6915625000000001 0.383984375 2 0.69220859375 0.3961875 2 0.696328125 0.41142578125 2 0.0 0.0 0.0 0.0 0.0 0.0 0.0 0.0 0.0 0.0 0.0 0.0
1 0.8634375000000001 0.34296875 0.0221875 0.03359375 0.858046875 0.35380859375 2 0.860078125 0.3451171875 2 0.8617968749999999 0.33671875 2 0.8653124999999999 0.32978515625 2 0.868125 0.3541015625 2 0.8680468749999999 0.34501953125 2 0.8673437500000001 0.33720703125 2 0.0 0.0 0.0 0.0 0.0 0.0 0.0 0.0 0.0 0.0 0.0 0.0
1 0.022695312500000002 0.358251953125 0.017265625 0.02509765625 0.01703125 0.36669921875 2 0.01796875 0.3599609375 2 0.01828125 0.3541015625 2 0.020234375 0.34677734375 2 0.026796874999999998 0.366796875 2 0.025078125 0.35986328125 2 0.023359374999999998 0.35400390625 2 0.0 0.0 0.0 0.0 0.0 0.0 0.0 0.0 0.0 0.0 0.0 0.0
1 0.1674609375 0.3484375 0.016171875 0.025 0.16218749999999998 0.35595703125 2 0.16343749999999999 0.35009765625 2 0.16390625 0.34482421875 2 0.16593750000000002 0.33662109375 2 0.170234375 0.35576171875 2 0.1690625 0.3501953125 2 0.16859375000000001 0.3447265625 2 0.0 0.0 0.0 0.0 0.0 0.0 0.0 0.0 0.0 0.0 0.0 0.0
0 0.2019921875 0.357763671875 0.018046875 0.02802734375 0.196484375 0.3685546875 2 0.19789062500000001 0.36015625 2 0.19890625 0.353125 2 0.201015625 0.34541015625 2 0.203671875 0.35302734375 2 0.20453125 0.36015625 2 0.20570312500000001 0.3677734375 2 0.0 0.0 0.0 0.0 0.0 0.0 0.0 0.0 0.0 0.0 0.0 0.0
0 0.33163437500000004 0.349169921875 0.016393750000000002 0.02646484375 0.32746796875 0.357060546875 2 0.328359375 0.3513671875 2 0.329296875 0.34443359375 2 0.3315625 0.3388671875 2 0.333671875 0.34453125 2 0.334921875 0.3513671875 2 0.3353125 0.3580078125 2 0.0 0.0 0.0 0.0 0.0 0.0 0.0 0.0 0.0 0.0 0.0 0.0
0 0.44353125000000004 0.34622802734375 0.01675 0.0283935546875 0.43819765625 0.3559384765625 2 0.43950468750000005 0.3479716796875 2 0.440403125 0.34184375 2 0.44220078125000006 0.3357158203125 2 0.44448906250000003 0.3417412109375 2 0.4453875 0.3483798828125 2 0.44653124999999994 0.355427734375 2 0.0 0.0 0.0 0.0 0.0 0.0 0.0 0.0 0.0 0.0 0.0 0.0
1 0.45992187500000004 0.33359375 0.016718749999999998 0.02265625 0.45601562500000004 0.3412109375 2 0.4565625 0.33486328125 2 0.45765625 0.329296875 2 0.45985078125 0.3226494140625 2 0.463359375 0.3408203125 2 0.462734375 0.3349609375 2 0.462265625 0.329296875 2 0.0 0.0 0.0 0.0 0.0 0.0 0.0 0.0 0.0 0.0 0.0 0.0
0 0.536328125 0.3484375 0.01484375 0.026953125 0.53234375 0.35693359375 2 0.533125 0.3494140625 2 0.5346093749999999 0.3423828125 2 0.536165625 0.33665625 2 0.538125 0.342578125 2 0.5387500000000001 0.34970703125 2 0.539765625 0.35693359375 2 0.0 0.0 0.0 0.0 0.0 0.0 0.0 0.0 0.0 0.0 0.0 0.0
