0 0.35390625 0.583984375 0.06875 0.11328125 0.33322578125 0.62455859375 2 0.33666484375 0.590166015625 2 0.33991328125 0.5610283203125 2 0.35023046875 0.5302177734375 2 0.3727765625 0.6190654296875 2 0.3672359375 0.58730078125 2 0.361121875 0.5584013671875 2 0.0 0.0 0.0 0.0 0.0 0.0 0.0 0.0 0.0 0.0 0.0 0.0
0 0.5046875 0.4609375 0.046875 0.0703125 0.49461796874999997 0.4874306640625 2 0.49610703125000005 0.4655654296875 2 0.49768828125000003 0.44695703125 2 0.50345703125 0.4285810546875 2 0.516390625 0.4869658203125 2 0.51378515625 0.4645185546875 2 0.5103421875 0.446142578125 2 0.0 0.0 0.0 0.0 0.0 0.0 0.0 0.0 0.0 0.0 0.0 0.0
0 0.46953125 0.4091796875 0.0296875 0.048828125 0.462421875 0.42890625 2 0.46328125 0.4123046875 2 0.46476562499999996 0.398828125 2 0.4684375 0.38662109375 2 0.478203125 0.4275390625 2 0.47640625 0.41279296875 2 0.473828125 0.39892578125 2 0.0 0.0 0.0 0.0 0.0 0.0 0.0 0.0 0.0 0.0 0.0 0.0
1 0.37109375 0.35498046875 0.0171875 0.0283203125 0.366171875 0.36591796875 2 0.366875 0.35712890625 2 0.36789062499999997 0.3501953125 2 0.37046875 0.34140625 2 0.37609375 0.3654296875 2 0.37390625 0.35771484375 2 0.37296874999999996 0.35029296875 2 0.0 0.0 0.0 0.0 0.0 0.0 0.0 0.0 0.0 0.0 0.0 0.0
1 0.896484375 0.39208984375 0.03515625 0.0498046875 0.886953125 0.4095703125 2 0.89 0.394921875 2 0.8925000000000001 0.38173828125 2 0.89765625 0.36787109375 2 0.905234375 0.41044921875 2 0.9032031249999999 0.3955078125 2 0.9015625 0.38212890625 2 0.0 0.0 0.0 0.0 0.0 0.0 0.0 0.0 0.0 0.0 0.0 0.0
0 0.290625 0.3818359375 0.021875 0.03515625 0.284609375 0.39580078125 2 0.28546875 0.38466796875 2 0.2865625 0.37412109375 2 0.289921875 0.36513671875 2 0.29679687499999996 0.39501953125 2 0.29500000000000004 0.38466796875 2 0.29328125 0.37412109375 2 0.0 0.0 0.0 0.0 0.0 0.0 0.0 0.0 0.0 0.0 0.0 0.0
0 0.4037109375 0.388037109375 0.026171875 0.03974609375 0.39734375 0.40390625 2 0.3978125 0.39150390625 2 0.39921875 0.3802734375 2 0.40292031250000004 0.36934375 2 0.40984375 0.40361328125 2 0.40859375 0.39130859375 2 0.40695312499999997 0.38017578125 2 0.0 0.0 0.0 0.0 0.0 0.0 0.0 0.0 0.0 0.0 0.0 0.0
0 0.14164062500000002 0.385107421875 0.025468750000000002 0.03583984375 0.135859375 0.39912109375 2 0.136875 0.38837890625 2 0.13721640625 0.3773056640625 2 0.140721875 0.3680556640625 2 0.14953125 0.3978515625 2 0.14671875 0.38740234375 2 0.145234375 0.3775390625 2 0.0 0.0 0.0 0.0 0.0 0.0 0.0 0.0 0.0 0.0 0.0 0.0
1 0.178373046875 0.36417529296875 0.02080859375 0.0291318359375 0.17289062500000002 0.3736328125 2 0.17421875 0.366015625 2 0.175 0.359375 2 0.17705859375 0.351072265625 2 0.183125 0.3736328125 2 0.181640625 0.36630859375 2 0.180234375 0.358984375 2 0.0 0.0 0.0 0.0 0.0 0.0 0.0 0.0 0.0 0.0 0.0 0.0
1 0.5033593749999999 0.351611328125 0.01921875 0.03134765625 0.497890625 0.36201171875 2 0.49890625 0.3544921875 2 0.49976562500000005 0.34775390625 2 0.50171875 0.33681640625 2 0.507421875 0.3623046875 2 0.505859375 0.35439453125 2 0.504765625 0.34775390625 2 0.0 0.0 0.0 0.0 0.0 0.0 0.0 0.0 0.0 0.0 0.0 0.0
