0 0.54765625 0.47509765625 0.0515625 0.0771484375 0.53453125 0.50029296875 2 0.5365624999999999 0.4798828125 2 0.539140625 0.458984375 2 0.5469 0.4379853515625 2 0.559921875 0.5015625 2 0.5564843749999999 0.47861328125 2 0.55375 0.46015625 2 0.0 0.0 0.0 0.0 0.0 0.0 0.0 0.0 0.0 0.0 0.0 0.0
1 0.8609375 0.37451171875 0.0296875 0.0458984375 0.854140625 0.39013671875 2 0.85625 0.3783203125 2 0.85875 0.36640625 2 0.86390625 0.353125 2 0.87046875 0.3904296875 2 0.8690625000000001 0.37890625 2 0.8678125 0.366796875 2 0.0 0.0 0.0 0.0 0.0 0.0 0.0 0.0 0.0 0.0 0.0 0.0
0 0.4421875 0.59326171875 0.0828125 0.1240234375 0.42169765625 0.63119140625 2 0.42446171875000005 0.596416015625 2 0.42859453125 0.566533203125 2 0.43746171875 0.5338955078125 2 0.460615625 0.6299599609375 2 0.45470390624999996 0.5951669921875 2 0.45002421875 0.5668408203125 2 0.0 0.0 0.0 0.0 0.0 0.0 0.0 0.0 0.0 0.0 0.0 0.0
1 0.70046875 0.3603515625 0.0228125 0.037109375 0.6950000000000001 0.37412109375 2 0.696484375 0.36396484375 2 0.69796875 0.35439453125 2 0.7017187500000001 0.3431640625 2 0.7075 0.3740234375 2 0.706328125 0.36435546875 2 0.705703125 0.3541015625 2 0.0 0.0 0.0 0.0 0.0 0.0 0.0 0.0 0.0 0.0 0.0 0.0
0 0.353125 0.390625 0.028125 0.044921875 0.346015625 0.40498046875 2 0.3477265625 0.3934873046875 2 0.3486265625 0.3815634765625 2 0.35204609375 0.3698642578125 2 0.360234375 0.40517578125 2 0.3583453125 0.39326171875 2 0.356040625 0.3809365234375 2 0.0 0.0 0.0 0.0 0.0 0.0 0.0 0.0 0.0 0.0 0.0 0.0
1 0.555859375 0.3564453125 0.02109375 0.03515625 0.5496875 0.36943359375 2 0.55140625 0.36025390625 2 0.55234375 0.35087890625 2 0.55524453125 0.339818359375 2 0.562109375 0.36962890625 2 0.56046875 0.3599609375 2 0.55921875 0.350390625 2 0.0 0.0 0.0 0.0 0.0 0.0 0.0 0.0 0.0 0.0 0.0 0.0
0 0.546875 0.409552734375 0.0328125 0.05543359375 0.537734375 0.42763671875 2 0.5396093750000001 0.41337890625 2 0.5409375 0.3998046875 2 0.546640625 0.38466796875 2 0.55630234375 0.427810546875 2 0.55324296875 0.4127373046875 2 0.5509375000000001 0.39970703125 2 0.0 0.0 0.0 0.0 0.0 0.0 0.0 0.0 0.0 0.0 0.0 0.0
1 0.285546875 0.35888671875 0.01953125 0.0302734375 0.28078125 0.37001953125 2 0.281796875 0.36064453125 2 0.282265625 0.35283203125 2 0.28421875 0.3439453125 2 0.29117187499999997 0.369921875 2 0.289296875 0.360546875 2 0.287578125 0.35234375 2 0.0 0.0 0.0 0.0 0.0 0.0 0.0 0.0 0.0 0.0 0.0 0.0
0 0.19128554687500002 0.89940478515625 0.15288359375 0.2011533203125 0.14089453125 0.998822265625 2 0.1458203125 0.9360107421875 2 0.150746875 0.8762783203125 2 0.17020625 0.808232421875 2 0.22759843750000003 0.981271484375 2 0.2123265625 0.9212314453125 2 0.19779375 0.8658095703125 2 0.0 0.0 0.0 0.0 0.0 0.0 0.0 0.0 0.0 0.0 0.0 0.0
1 0.166796875 0.3583984375 0.01640625 0.02734375 0.1625 0.36875 2 0.16312500000000002 0.35966796875 2 0.16359375 0.3521484375 2 0.165625 0.3451171875 2 0.17203125 0.36875 2 0.169921875 0.36015625 2 0.1684375 0.35234375 2 0.0 0.0 0.0 0.0 0.0 0.0 0.0 0.0 0.0 0.0 0.0 0.0
0 0.046122265625000006 0.3941171875 0.02505703125 0.038234375 0.03905625 0.4094599609375 2 0.039775781249999996 0.396861328125 2 0.04085625 0.3856123046875 2 0.043015625 0.376388671875 2 0.052735156250000005 0.40766015625 2 0.04985546875 0.395736328125 2 0.047498437500000004 0.385896484375 2 0.0 0.0 0.0 0.0 0.0 0.0 0.0 0.0 0.0 0.0 0.0 0.0
1 0.030669921875 0.36049755859375 0.01758984375 0.0276357421875 0.026718750000000003 0.3681640625 2 0.027109375 0.36044921875 2 0.0278515625 0.3534521484375 2 0.029421874999999997 0.3464228515625 2 0.035390624999999995 0.36787109375 2 0.0334796875 0.3605849609375 2 0.03210703125 0.3534033203125 2 0.0 0.0 0.0 0.0 0.0 0.0 0.0 0.0 0.0 0.0 0.0 0.0
1 0.430078125 0.357568359375 0.02109375 0.03349609375 0.42453124999999997 0.3689453125 2 0.42578125 0.36025390625 2 0.42648437499999997 0.35166015625 2 0.429684375 0.3411298828125 2 0.4359375 0.36943359375 2 0.43375 0.3603515625 2 0.43265624999999996 0.3513671875 2 0.0 0.0 0.0 0.0 0.0 0.0 0.0 0.0 0.0 0.0 0.0 0.0
