0 0.9625 0.47900390625 0.0625 0.0869140625 0.9427312499999999 0.503970703125 2 0.94939296875 0.4846884765625 2 0.95500234375 0.45839453125 2 0.9637664062500001 0.4382353515625 2 0.9777906249999999 0.50528515625 2 0.97393359375 0.485564453125 2 0.97183046875 0.4610234375 2 0.0 0.0 0.0 0.0 0.0 0.0 0.0 0.0 0.0 0.0 0.0 0.0
0 0.604296875 0.60546875 0.08359375 0.12890625 0.5819765625 0.642890625 2 0.587221875 0.60701953125 2 0.5917890625 0.5765302734375 2 0.60344765625 0.543193359375 2 0.6265007812500001 0.64508203125 2 0.61983984375 0.6100234375 2 0.61360390625 0.5773759765625 2 0.0 0.0 0.0 0.0 0.0 0.0 0.0 0.0 0.0 0.0 0.0 0.0
0 0.012890625 0.3828125 0.02421875 0.037109375 0.00630078125 0.3946396484375 2 0.0078484375 0.384138671875 2 0.0077382812499999995 0.375294921875 2 0.0110546875 0.364931640625 2 0.0211140625 0.394087890625 2 0.01779765625 0.383447265625 2 0.015144531250000001 0.374880859375 2 0.0 0.0 0.0 0.0 0.0 0.0 0.0 0.0 0.0 0.0 0.0 0.0
0 0.2406640625 0.356640625 0.018828125 0.0296875 0.23515625 0.366796875 2 0.23585937499999998 0.3587890625 2 0.23609375 0.3501953125 2 0.23921874999999998 0.3419921875 2 0.24523437499999998 0.366015625 2 0.24351562499999999 0.35771484375 2 0.24203125 0.3505859375 2 0.0 0.0 0.0 0.0 0.0 0.0 0.0 0.0 0.0 0.0 0.0 0.0
0 0.44140625 0.33740234375 0.015625 0.0263671875 0.4371875 0.34658203125 2 0.43804687500000006 0.339453125 2 0.43890624999999994 0.33330078125 2 0.4411625 0.3247900390625 2 0.44625000000000004 0.34609375 2 0.445 0.3392578125 2 0.444140625 0.3328125 2 0.0 0.0 0.0 0.0 0.0 0.0 0.0 0.0 0.0 0.0 0.0 0.0
0 0.339453125 0.347314453125 0.01640625 0.02861328125 0.33468749999999997 0.35673828125 2 0.33523437500000003 0.3494140625 2 0.335625 0.3427734375 2 0.338515625 0.3333984375 2 0.344921875 0.35654296875 2 0.34304687500000003 0.3490234375 2 0.34171874999999996 0.3419921875 2 0.0 0.0 0.0 0.0 0.0 0.0 0.0 0.0 0.0 0.0 0.0 0.0
1 0.175390625 0.341455078125 0.01328125 0.02470703125 0.171484375 0.34931640625 2 0.172265625 0.34365234375 2 0.17296875 0.337109375 2 0.17390624999999998 0.32880859375 2 0.1796875 0.34970703125 2 0.17835937500000001 0.34375 2 0.17765625000000002 0.33701171875 2 0.0 0.0 0.0 0.0 0.0 0.0 0.0 0.0 0.0 0.0 0.0 0.0
0 0.5625 0.3248046875 0.0125 0.024609375 0.558515625 0.33359375 2 0.559453125 0.326953125 2 0.56046875 0.32158203125 2 0.5626562500000001 0.31337890625 2 0.56640625 0.3333984375 2 0.565234375 0.32705078125 2 0.5647656249999999 0.32138671875 2 0.0 0.0 0.0 0.0 0.0 0.0 0.0 0.0 0.0 0.0 0.0 0.0
0 0.6671875 0.31494140625 0.0125 0.0224609375 0.663984375 0.32158203125 2 0.665 0.3154296875 2 0.6661718750000001 0.311328125 2 0.668046875 0.304296875 2 0.6713281249999999 0.3216796875 2 0.6703125 0.31611328125 2 0.669921875 0.31162109375 2 0.0 0.0 0.0 0.0 0.0 0.0 0.0 0.0 0.0 0.0 0.0 0.0
1 0.3134375 0.32919921875 0.014374999999999999 0.0216796875 0.310546875 0.3359375 2 0.311171875 0.3310546875 2 0.311484375 0.32509765625 2 0.313828125 0.3193359375 2 0.31796875 0.33583984375 2 0.31710937499999997 0.3310546875 2 0.31609375 0.32490234375 2 0.0 0.0 0.0 0.0 0.0 0.0 0.0 0.0 0.0 0.0 0.0 0.0
1 0.020526171875 0.357126953125 0.01605234375 0.02675390625 0.014812500000000001 0.3658984375 2 0.015696875 0.358990234375 2 0.0166921875 0.3519423828125 2 0.01942578125 0.3451259765625 2 0.0244296875 0.3656220703125 2 0.023325000000000002 0.3587138671875 2 0.02155625 0.3513896484375 2 0.0 0.0 0.0 0.0 0.0 0.0 0.0 0.0 0.0 0.0 0.0 0.0
