0 0.60703125 0.6494140625 0.09375 0.1484375 0.5814890625 0.691357421875 2 0.5876953125 0.6532412109375 2 0.5927492187500001 0.618318359375 2 0.6065328125 0.57999609375 2 0.6293054687499999 0.692849609375 2 0.62334609375 0.6538466796875 2 0.6177359375 0.618349609375 2 0.0 0.0 0.0 0.0 0.0 0.0 0.0 0.0 0.0 0.0 0.0 0.0
0 0.90234375 0.5126953125 0.0703125 0.095703125 0.8849351562500001 0.54005078125 2 0.8889835937499999 0.51423828125 2 0.8942476562499999 0.4914619140625 2 0.903965625 0.467419921875 2 0.919959375 0.54359375 2 0.91611328125 0.5162626953125 2 0.91267109375 0.4924736328125 2 0.0 0.0 0.0 0.0 0.0 0.0 0.0 0.0 0.0 0.0 0.0 0.0
0 0.744207421875 0.3563232421875 0.02278984375 0.034912109375 0.7383484375 0.368619140625 2 0.7401429687500001 0.3585810546875 2 0.74142421875 0.3491845703125 2 0.74509765625 0.3393603515625 2 0.75056484375 0.3687255859375 2 0.74885625 0.3585810546875 2 0.74800234375 0.3491845703125 2 0.0 0.0 0.0 0.0 0.0 0.0 0.0 0.0 0.0 0.0 0.0 0.0
0 0.23828125 0.401318359375 0.0265625 0.04482421875 0.23148437500000002 0.41728515625 2 0.23289062500000002 0.40498046875 2 0.23359375 0.39306640625 2 0.23695312500000001 0.37939453125 2 0.246640625 0.4166015625 2 0.244296875 0.40400390625 2 0.242265625 0.39296875 2 0.0 0.0 0.0 0.0 0.0 0.0 0.0 0.0 0.0 0.0 0.0 0.0
1 0.2239453125 0.372607421875 0.021328125 0.03427734375 0.216875 0.3859375 2 0.218203125 0.376171875 2 0.2184375 0.36708984375 2 0.22132812500000001 0.3568359375 2 0.228515625 0.384375 2 0.226640625 0.37529296875 2 0.22484375 0.3666015625 2 0.0 0.0 0.0 0.0 0.0 0.0 0.0 0.0 0.0 0.0 0.0 0.0
1 0.888671875 0.328125 0.01640625 0.02734375 0.8847710937500001 0.336263671875 2 0.8854546875 0.3304970703125 2 0.8865648437500001 0.3236630859375 2 0.88955546875 0.315654296875 2 0.89314296875 0.3366904296875 2 0.8924593749999999 0.330923828125 2 0.8912640625 0.32376953125 2 0.0 0.0 0.0 0.0 0.0 0.0 0.0 0.0 0.0 0.0 0.0 0.0
0 0.9588742187499999 0.33975927734375 0.0208734375 0.0330341796875 0.95285703125 0.350572265625 2 0.9539671875 0.34213671875 2 0.9555906249999999 0.3333798828125 2 0.959178125 0.32408984375 2 0.96336484375 0.350892578125 2 0.96225390625 0.3417099609375 2 0.9620828124999999 0.3330595703125 2 0.0 0.0 0.0 0.0 0.0 0.0 0.0 0.0 0.0 0.0 0.0 0.0
1 0.440625 0.35795556640625 0.0171875 0.0303642578125 0.43508125 0.368939453125 2 0.4353375 0.360396484375 2 0.43670468749999997 0.3513203125 2 0.439609375 0.34375 2 0.44499140625000005 0.368619140625 2 0.4437953125 0.3602900390625 2 0.44234296874999995 0.3511064453125 2 0.0 0.0 0.0 0.0 0.0 0.0 0.0 0.0 0.0 0.0 0.0 0.0
1 0.64689921875 0.3432841796875 0.0187984375 0.030318359375 0.6419015625 0.3532421875 2 0.6429265625 0.345447265625 2 0.643353125 0.336904296875 2 0.6466000000000001 0.3291083984375 2 0.6512125 0.3530283203125 2 0.65044375 0.34501953125 2 0.6491625 0.336904296875 2 0.0 0.0 0.0 0.0 0.0 0.0 0.0 0.0 0.0 0.0 0.0 0.0
1 0.76170625 0.33559375 0.0156 0.02665625 0.75731328125 0.34469921875 2 0.7580828125 0.338185546875 2 0.759278125 0.330603515625 2 0.7618414062500001 0.3229150390625 2 0.76628359375 0.3445927734375 2 0.7651726562500001 0.338185546875 2 0.76466015625 0.330603515625 2 0.0 0.0 0.0 0.0 0.0 0.0 0.0 0.0 0.0 0.0 0.0 0.0
0 0.522265625 0.3776474609375 0.02265625 0.038498046875 0.51529765625 0.392111328125 2 0.5174335937500001 0.3795107421875 2 0.51803125 0.3697939453125 2 0.52136328125 0.3592216796875 2 0.5287101562500001 0.391150390625 2 0.5262328125 0.3798310546875 2 0.52452421875 0.370220703125 2 0.0 0.0 0.0 0.0 0.0 0.0 0.0 0.0 0.0 0.0 0.0 0.0
