1 0.775 0.373876953125 0.028125 0.04658203125 0.766796875 0.39150390625 2 0.76933046875 0.377470703125 2 0.7712085937500001 0.36653125 2 0.77625 0.35185546875 2 0.7833593750000001 0.391796875 2 0.781171875 0.3783203125 2 0.780078125 0.36640625 2 0.0 0.0 0.0 0.0 0.0 0.0 0.0 0.0 0.0 0.0 0.0 0.0
1 0.97578125 0.4189453125 0.0484375 0.068359375 0.9607796875 0.4433232421875 2 0.96462421875 0.424466796875 2 0.9673265625 0.406703125 2 0.9749804687499999 0.385806640625 2 0.9856710937500001 0.4441845703125 2 0.9838226562499999 0.4242890625 2 0.9812625 0.406703125 2 0.0 0.0 0.0 0.0 0.0 0.0 0.0 0.0 0.0 0.0 0.0 0.0
0 0.338204296875 0.66962060546875 0.11078359374999999 0.1576005859375 0.31461015625 0.720341796875 2 0.318528125 0.6759375 2 0.32195703125 0.6381474609375 2 0.3322421875 0.5976298828125 2 0.36465546875 0.714896484375 2 0.3574875 0.672431640625 2 0.3496953125 0.6365888671875 2 0.0 0.0 0.0 0.0 0.0 0.0 0.0 0.0 0.0 0.0 0.0 0.0
0 0.410844921875 0.48850781249999997 0.06075234375000001 0.0844375 0.39640390625 0.5166416015625 2 0.39808203125 0.492923828125 2 0.40105078125000004 0.47001171875 2 0.40815078125 0.44726171875 2 0.425446875 0.5143828125 2 0.42092890625 0.491955078125 2 0.416153125 0.4693662109375 2 0.0 0.0 0.0 0.0 0.0 0.0 0.0 0.0 0.0 0.0 0.0 0.0
0 0.369921875 0.42764501953125 0.03671875 0.0603681640625 0.36007656250000003 0.4484716796875 2 0.36245625000000004 0.43193359375 2 0.363746875 0.414830078125 2 0.36981328125 0.399501953125 2 0.38181796874999996 0.4474228515625 2 0.3783328125 0.430642578125 2 0.375621875 0.4145078125 2 0.0 0.0 0.0 0.0 0.0 0.0 0.0 0.0 0.0 0.0 0.0 0.0
0 0.323828125 0.351025390625 0.01796875 0.03212890625 0.31890625 0.3623046875 2 0.319375 0.3544921875 2 0.32046874999999997 0.34501953125 2 0.32351562500000003 0.3361328125 2 0.32953125 0.36220703125 2 0.32828124999999997 0.3541015625 2 0.3271875 0.34482421875 2 0.0 0.0 0.0 0.0 0.0 0.0 0.0 0.0 0.0 0.0 0.0 0.0
1 0.64296875 0.350146484375 0.0203125 0.03623046875 0.6370312499999999 0.36318359375 2 0.63875 0.35244140625 2 0.639765625 0.34443359375 2 0.6434375 0.33369140625 2 0.650390625 0.36328125 2 0.6482812499999999 0.3521484375 2 0.6471875 0.34404296875 2 0.0 0.0 0.0 0.0 0.0 0.0 0.0 0.0 0.0 0.0 0.0 0.0
0 0.36574062500000004 0.3861455078125 0.02835625 0.043775390625 0.3567765625 0.40240625 2 0.3587125 0.38966015625 2 0.35968984375 0.3768701171875 2 0.36352265625 0.365662109375 2 0.37326796875 0.4008759765625 2 0.3707171875 0.3893369140625 2 0.36826484375 0.37707421875 2 0.0 0.0 0.0 0.0 0.0 0.0 0.0 0.0 0.0 0.0 0.0 0.0
0 0.098046875 0.3166015625 0.01015625 0.01796875 0.094375 0.3224609375 2 0.09523437500000001 0.319140625 2 0.095703125 0.3138671875 2 0.09752968749999999 0.3083349609375 2 0.10210937499999999 0.32294921875 2 0.10093749999999999 0.3189453125 2 0.1 0.31376953125 2 0.0 0.0 0.0 0.0 0.0 0.0 0.0 0.0 0.0 0.0 0.0 0.0
0 0.345703125 0.3689453125 0.02265625 0.038671875 0.33976562499999996 0.3833984375 2 0.3403125 0.373046875 2 0.341015625 0.3623046875 2 0.3446875 0.35126953125 2 0.3525171875 0.3827216796875 2 0.35148437499999996 0.372234375 2 0.3490625 0.362109375 2 0.0 0.0 0.0 0.0 0.0 0.0 0.0 0.0 0.0 0.0 0.0 0.0
1 0.551953125 0.33173828125 0.01640625 0.0287109375 0.5478125 0.34091796875 2 0.5490625 0.3330078125 2 0.54953125 0.32685546875 2 0.5525781249999999 0.31806640625 2 0.55703125 0.341015625 2 0.555390625 0.33310546875 2 0.5552343750000001 0.32666015625 2 0.0 0.0 0.0 0.0 0.0 0.0 0.0 0.0 0.0 0.0 0.0 0.0
0 0.180859375 0.31474609375 0.01171875 0.0181640625 0.1771875 0.31962890625 2 0.177578125 0.315234375 2 0.178203125 0.309765625 2 0.18 0.3060546875 2 0.18367187499999998 0.319921875 2 0.1828125 0.31552734375 2 0.18125 0.30966796875 2 0.0 0.0 0.0 0.0 0.0 0.0 0.0 0.0 0.0 0.0 0.0 0.0
0 0.2213671875 0.31474609375 0.011484375 0.0181640625 0.21804687500000003 0.32041015625 2 0.2184375 0.3169921875 2 0.218828125 0.31142578125 2 0.220546875 0.3068359375 2 0.224296875 0.32021484375 2 0.22351562500000002 0.3169921875 2 0.22265625 0.31181640625 2 0.0 0.0 0.0 0.0 0.0 0.0 0.0 0.0 0.0 0.0 0.0 0.0
0 0.2760546875 0.322705078125 0.014609374999999999 0.02431640625 0.27234375 0.33125 2 0.27273437500000003 0.32548828125 2 0.272890625 0.31943359375 2 0.27515625 0.3123046875 2 0.28054687500000003 0.33076171875 2 0.278984375 0.325 2 0.27804687499999997 0.3189453125 2 0.0 0.0 0.0 0.0 0.0 0.0 0.0 0.0 0.0 0.0 0.0 0.0
0 0.3090625 0.333984375 0.0165625 0.025390625 0.30421875 0.341796875 2 0.3046875 0.33525390625 2 0.305859375 0.32734375 2 0.30791015625 0.32147265625 2 0.313828125 0.3416015625 2 0.3125 0.334765625 2 0.31140625 0.32705078125 2 0.0 0.0 0.0 0.0 0.0 0.0 0.0 0.0 0.0 0.0 0.0 0.0
1 0.04375 0.31396484375 0.009375 0.0146484375 0.04070859375 0.3179169921875 2 0.04135625 0.313939453125 2 0.041952343749999996 0.3101669921875 2 0.04327734375 0.306078125 2 0.045103125 0.3168740234375 2 0.0448921875 0.3139208984375 2 0.044437500000000005 0.3102236328125 2 0.0 0.0 0.0 0.0 0.0 0.0 0.0 0.0 0.0 0.0 0.0 0.0
0 0.2571484375 0.31845703125 0.014296875 0.0197265625 0.2525 0.324609375 2 0.2528125 0.31953125 2 0.253515625 0.31416015625 2 0.255625 0.3091796875 2 0.260078125 0.3248046875 2 0.25906250000000003 0.31943359375 2 0.25789062500000004 0.3138671875 2 0.0 0.0 0.0 0.0 0.0 0.0 0.0 0.0 0.0 0.0 0.0 0.0
