0 0.048828125 0.70361328125 0.09765625 0.1572265625 0.010646875 0.75191796875 2 0.0131515625 0.708470703125 2 0.016909374999999997 0.67089453125 2 0.02880859375 0.6262724609375 2 0.06763749999999999 0.7405673828125 2 0.05667734375 0.701033203125 2 0.04791015625 0.6654140625 2 0.0 0.0 0.0 0.0 0.0 0.0 0.0 0.0 0.0 0.0 0.0 0.0
1 0.9375 0.41015625 0.0375 0.0546875 0.9273914062499999 0.428505859375 2 0.9297375000000001 0.4134775390625 2 0.9323765625 0.3995478515625 2 0.938828125 0.383052734375 2 0.9470390625 0.428873046875 2 0.9452796875 0.4134775390625 2 0.9444000000000001 0.40009765625 2 0.0 0.0 0.0 0.0 0.0 0.0 0.0 0.0 0.0 0.0 0.0 0.0
0 0.30703125 0.52587890625 0.0578125 0.0888671875 0.2916109375 0.5552099609375 2 0.29370078125 0.5290869140625 2 0.29579062500000003 0.506380859375 2 0.30415000000000003 0.4830712890625 2 0.32247578125 0.55259765625 2 0.3181359375 0.528283203125 2 0.31415234375 0.5062587890625 2 0.0 0.0 0.0 0.0 0.0 0.0 0.0 0.0 0.0 0.0 0.0 0.0
1 0.883203125 0.36767578125 0.02578125 0.0400390625 0.87671875 0.3810546875 2 0.8788281250000001 0.3703125 2 0.88046875 0.35986328125 2 0.884375 0.34794921875 2 0.89 0.3806640625 2 0.888359375 0.3701171875 2 0.887890625 0.36005859375 2 0.0 0.0 0.0 0.0 0.0 0.0 0.0 0.0 0.0 0.0 0.0 0.0
1 0.853125 0.343017578125 0.01875 0.02978515625 0.84828125 0.351171875 2 0.85 0.344140625 2 0.850625 0.33759765625 2 0.85375 0.3283203125 2 0.8578906249999999 0.35146484375 2 0.8565625000000001 0.34423828125 2 0.8555468749999999 0.33759765625 2 0.0 0.0 0.0 0.0 0.0 0.0 0.0 0.0 0.0 0.0 0.0 0.0
0 0.5890625 0.369580078125 0.021875 0.03603515625 0.58265625 0.38193359375 2 0.584375 0.37236328125 2 0.5857171875 0.36233203125 2 0.588984375 0.35263671875 2 0.5951562499999999 0.38203125 2 0.5939062500000001 0.37275390625 2 0.591875 0.36240234375 2 0.0 0.0 0.0 0.0 0.0 0.0 0.0 0.0 0.0 0.0 0.0 0.0
0 0.00625 0.375 0.0125 0.029296875 0.0029850000000000002 0.384814453125 2 0.00369375 0.37669921875 2 0.00434625 0.3691552734375 2 0.002040625 0.3601640625 2 0.005475 0.380943359375 2 0.00514296875 0.3754931640625 2 0.00429765625 0.3683798828125 2 0.0 0.0 0.0 0.0 0.0 0.0 0.0 0.0 0.0 0.0 0.0 0.0
0 0.6073046875 0.346484375 0.016171875 0.026953125 0.603125 0.356640625 2 0.60390625 0.34951171875 2 0.605559375 0.3419970703125 2 0.6079687500000001 0.33369140625 2 0.6128125 0.3560546875 2 0.611953125 0.3498046875 2 0.61015625 0.34189453125 2 0.0 0.0 0.0 0.0 0.0 0.0 0.0 0.0 0.0 0.0 0.0 0.0
1 0.826953125 0.32900390625 0.01484375 0.0251953125 0.82296875 0.336328125 2 0.823984375 0.33046875 2 0.825 0.32451171875 2 0.82660625 0.317857421875 2 0.83078125 0.3361328125 2 0.830078125 0.33056640625 2 0.8290625 0.32490234375 2 0.0 0.0 0.0 0.0 0.0 0.0 0.0 0.0 0.0 0.0 0.0 0.0
0 0.496883203125 0.41356298828125 0.03126640625 0.0497822265625 0.48718281250000006 0.42901953125 1 0.48896640625 0.4175771484375 1 0.4901546875 0.4039052734375 2 0.4952671875 0.3903828125 2 0.5052531250000001 0.4302080078125 2 0.50204296875 0.417130859375 1 0.5001171875 0.4032236328125 2 0.0 0.0 0.0 0.0 0.0 0.0 0.0 0.0 0.0 0.0 0.0 0.0
0 0.6227343750000001 0.339111328125 0.014218749999999999 0.02392578125 0.618515625 0.34697265625 2 0.619765625 0.34091796875 2 0.62066953125 0.3340244140625 2 0.62261015625 0.3277099609375 2 0.62734375 0.3478515625 2 0.6264062499999999 0.34130859375 2 0.6251562500000001 0.33388671875 2 0.0 0.0 0.0 0.0 0.0 0.0 0.0 0.0 0.0 0.0 0.0 0.0
0 0.6338671875 0.32919921875 0.013046875 0.0197265625 0.6294531250000001 0.3359375 2 0.63015625 0.33056640625 2 0.6307031249999999 0.325390625 2 0.632890625 0.32041015625 2 0.63671875 0.3357421875 2 0.6359375 0.3306640625 2 0.6353125000000001 0.3251953125 2 0.0 0.0 0.0 0.0 0.0 0.0 0.0 0.0 0.0 0.0 0.0 0.0
0 0.618515625 0.32470703125 0.01203125 0.0185546875 0.6149218750000001 0.33095703125 2 0.616015625 0.32578125 2 0.616484375 0.3208984375 2 0.61835703125 0.3155947265625 2 0.621953125 0.330859375 1 0.621328125 0.32587890625 2 0.620390625 0.32080078125 2 0.0 0.0 0.0 0.0 0.0 0.0 0.0 0.0 0.0 0.0 0.0 0.0
1 0.812890625 0.322265625 0.01171875 0.01953125 0.81015625 0.3283203125 2 0.8107031250000001 0.3236328125 2 0.8116406250000001 0.3181640625 2 0.8135937500000001 0.3125 2 0.816640625 0.32822265625 2 0.815703125 0.32392578125 2 0.815390625 0.3181640625 2 0.0 0.0 0.0 0.0 0.0 0.0 0.0 0.0 0.0 0.0 0.0 0.0
