0 0.384765625 0.48828125 0.05234375 0.080078125 0.3731390625 0.5135791015625 2 0.37458984375000004 0.4927216796875 2 0.37652421875000003 0.4715625 2 0.38413437500000003 0.44941796875 2 0.40070703124999996 0.5129755859375 2 0.3961125 0.4915126953125 2 0.39033671875 0.471111328125 2 0.0 0.0 0.0 0.0 0.0 0.0 0.0 0.0 0.0 0.0 0.0 0.0
1 0.94453125 0.3447265625 0.0234375 0.037109375 0.9379687499999999 0.35634765625 2 0.939765625 0.346484375 2 0.94140625 0.33759765625 2 0.9452343750000001 0.32744140625 2 0.95046875 0.35634765625 2 0.9491406250000001 0.34638671875 2 0.948046875 0.33740234375 2 0.0 0.0 0.0 0.0 0.0 0.0 0.0 0.0 0.0 0.0 0.0 0.0
0 0.51640625 0.42826904296875 0.0390625 0.0616162109375 0.50662734375 0.4482861328125 2 0.50856171875 0.4328701171875 2 0.5102546875 0.417453125 2 0.5165421875 0.4011298828125 2 0.52718203125 0.447681640625 2 0.52500625 0.433474609375 2 0.5225875 0.4168486328125 2 0.0 0.0 0.0 0.0 0.0 0.0 0.0 0.0 0.0 0.0 0.0 0.0
0 0.571875 0.3951357421875 0.0296875 0.048083984375 0.56393984375 0.4119150390625 2 0.56635859375 0.3983115234375 2 0.56724140625 0.3851953125 2 0.571484375 0.372265625 2 0.5813515625 0.4110078125 2 0.57893359375 0.3989169921875 2 0.57675703125 0.3853134765625 2 0.0 0.0 0.0 0.0 0.0 0.0 0.0 0.0 0.0 0.0 0.0 0.0
0 0.616015625 0.36044921875 0.02265625 0.0373046875 0.610625 0.373046875 2 0.61171875 0.3630859375 2 0.6128125 0.352734375 2 0.61635234375 0.34344140625 2 0.621953125 0.37294921875 2 0.621328125 0.3630859375 2 0.6196875000000001 0.35224609375 2 0.0 0.0 0.0 0.0 0.0 0.0 0.0 0.0 0.0 0.0 0.0 0.0
1 0.869140625 0.327880859375 0.01640625 0.02880859375 0.8641406249999999 0.33896484375 2 0.8650781249999999 0.33125 2 0.866796875 0.32373046875 2 0.86953125 0.3150390625 2 0.873984375 0.3388671875 2 0.8728125 0.330859375 2 0.87171875 0.32373046875 2 0.0 0.0 0.0 0.0 0.0 0.0 0.0 0.0 0.0 0.0 0.0 0.0
0 0.552734375 0.32958984375 0.01484375 0.0244140625 0.54796875 0.33720703125 2 0.5489843750000001 0.3310546875 2 0.55 0.3248046875 2 0.5521328125 0.317875 2 0.55640625 0.33701171875 2 0.55515625 0.33076171875 2 0.555078125 0.3248046875 2 0.0 0.0 0.0 0.0 0.0 0.0 0.0 0.0 0.0 0.0 0.0 0.0
1 0.80078125 0.32099609375 0.0140625 0.0248046875 0.7959375 0.32939453125 2 0.7970312500000001 0.32314453125 2 0.798359375 0.3162109375 2 0.8006375 0.310095703125 2 0.805 0.32939453125 2 0.8032812500000001 0.32314453125 2 0.8022656250000001 0.3162109375 2 0.0 0.0 0.0 0.0 0.0 0.0 0.0 0.0 0.0 0.0 0.0 0.0
0 0.8703125 0.01318359375 0.0125 0.0244140625 0.86683515625 0.0198916015625 2 0.8675382812500001 0.01355078125 2 0.86833515625 0.007583984375 2 0.8704109375 0.0012734375 2 0.8724945312499999 0.0180263671875 2 0.8724484374999999 0.0134853515625 2 0.8717820312500001 0.0076123046875 2 0.0 0.0 0.0 0.0 0.0 0.0 0.0 0.0 0.0 0.0 0.0 0.0
0 0.51171875 0.32275390625 0.0125 0.0205078125 0.50875 0.32880859375 2 0.509296875 0.323046875 2 0.5100382812500001 0.3178076171875 2 0.5121203125 0.3123759765625 2 0.515390625 0.32822265625 2 0.514453125 0.3234375 2 0.51335703125 0.3179775390625 2 0.0 0.0 0.0 0.0 0.0 0.0 0.0 0.0 0.0 0.0 0.0 0.0
1 0.7328125 0.31572265625 0.0125 0.0220703125 0.72890625 0.32265625 2 0.729453125 0.3171875 2 0.730390625 0.31142578125 2 0.7327343749999999 0.30615234375 2 0.737265625 0.3224609375 2 0.73609375 0.31708984375 2 0.73484375 0.31123046875 2 0.0 0.0 0.0 0.0 0.0 0.0 0.0 0.0 0.0 0.0 0.0 0.0
0 0.5897265625 0.338623046875 0.015390625 0.02685546875 0.585 0.3482421875 2 0.585703125 0.34189453125 2 0.586953125 0.33349609375 2 0.589765625 0.326171875 2 0.59421875 0.34814453125 2 0.593046875 0.34140625 2 0.5923437500000001 0.333203125 2 0.0 0.0 0.0 0.0 0.0 0.0 0.0 0.0 0.0 0.0 0.0 0.0
1 0.683984375 0.31064453125 0.01328125 0.0197265625 0.6803125 0.3173828125 2 0.681015625 0.31240234375 2 0.68171875 0.30712890625 2 0.68379921875 0.301255859375 2 0.687109375 0.3171875 2 0.686171875 0.3123046875 2 0.68546875 0.30732421875 2 0.0 0.0 0.0 0.0 0.0 0.0 0.0 0.0 0.0 0.0 0.0 0.0
