1 0.109765625 0.37294921875 0.02265625 0.0369140625 0.10304687500000001 0.38603515625 2 0.10414062500000001 0.37607421875 2 0.104375 0.36669921875 2 0.107578125 0.3568359375 2 0.11656249999999999 0.38505859375 2 0.113125 0.37529296875 2 0.111328125 0.36630859375 2 0.0 0.0 0.0 0.0 0.0 0.0 0.0 0.0 0.0 0.0 0.0 0.0
0 0.170234375 0.41015625 0.03578125 0.05078125 0.161640625 0.4275390625 2 0.16234375 0.41357421875 2 0.16304687499999998 0.40009765625 2 0.16695312499999998 0.38603515625 2 0.178984375 0.42578125 2 0.176640625 0.412890625 2 0.17375000000000002 0.39892578125 2 0.0 0.0 0.0 0.0 0.0 0.0 0.0 0.0 0.0 0.0 0.0 0.0
0 0.8338070312499999 0.46745166015625 0.061364062500000004 0.0833408203125 0.8172312500000001 0.494078125 2 0.8213859375 0.47163671875 2 0.8247984374999999 0.4514208984375 2 0.83325625 0.427681640625 2 0.8458671875 0.494078125 2 0.8433453125 0.471822265625 2 0.8402296874999999 0.45030859375 2 0.0 0.0 0.0 0.0 0.0 0.0 0.0 0.0 0.0 0.0 0.0 0.0
0 0.57093515625 0.565345703125 0.0824953125 0.11897265625 0.55227578125 0.60006640625 2 0.556303125 0.56784765625 2 0.56059921875 0.5415029296875 2 0.57033046875 0.5087099609375 2 0.590709375 0.596521484375 2 0.58597109375 0.5691904296875 2 0.58100390625 0.5396572265625 2 0.0 0.0 0.0 0.0 0.0 0.0 0.0 0.0 0.0 0.0 0.0 0.0
0 0.396875 0.3751953125 0.0265625 0.04140625 0.390859375 0.3892578125 2 0.39203125 0.37841796875 2 0.393046875 0.3666015625 2 0.39632812500000003 0.35556640625 2 0.40515625 0.3880859375 2 0.403125 0.37783203125 2 0.40046875000000004 0.3662109375 2 0.0 0.0 0.0 0.0 0.0 0.0 0.0 0.0 0.0 0.0 0.0 0.0
1 0.298828125 0.349560546875 0.01796875 0.03115234375 0.293203125 0.360546875 2 0.29421875000000003 0.35234375 2 0.29476562500000003 0.344921875 2 0.29703124999999997 0.33525390625 2 0.30453125000000003 0.3595703125 2 0.301796875 0.3517578125 2 0.300390625 0.34482421875 2 0.0 0.0 0.0 0.0 0.0 0.0 0.0 0.0 0.0 0.0 0.0 0.0
0 0.52109375 0.35406103515625 0.021875 0.0362470703125 0.5155203125 0.3672119140625 2 0.51680703125 0.3566484375 2 0.5178140625000001 0.3468720703125 2 0.52090625 0.3379111328125 2 0.5281976562499999 0.3665234375 2 0.52636015625 0.35641796875 2 0.5252578125 0.3474619140625 2 0.0 0.0 0.0 0.0 0.0 0.0 0.0 0.0 0.0 0.0 0.0 0.0
1 0.554296875 0.321630859375 0.01484375 0.02607421875 0.550078125 0.33095703125 2 0.550546875 0.32509765625 2 0.551640625 0.3181640625 2 0.55396796875 0.309689453125 2 0.5587500000000001 0.330859375 2 0.557578125 0.3244140625 2 0.55671875 0.31787109375 2 0.0 0.0 0.0 0.0 0.0 0.0 0.0 0.0 0.0 0.0 0.0 0.0
0 0.65546875 0.3388671875 0.01875 0.03125 0.650371875 0.3497587890625 2 0.651875 0.34072265625 2 0.653046875 0.33271484375 2 0.65625 0.32412109375 2 0.6612109375 0.349298828125 2 0.660859375 0.34140625 2 0.659765625 0.3322265625 2 0.0 0.0 0.0 0.0 0.0 0.0 0.0 0.0 0.0 0.0 0.0 0.0
1 0.433984375 0.33447265625 0.01640625 0.0263671875 0.42890625 0.34375 2 0.42984375 0.33671875 2 0.43023437500000006 0.32978515625 2 0.43289062500000003 0.32099609375 2 0.43859375 0.34326171875 2 0.43703125 0.3365234375 2 0.4359375 0.32939453125 2 0.0 0.0 0.0 0.0 0.0 0.0 0.0 0.0 0.0 0.0 0.0 0.0
0 0.8345703125 0.323095703125 0.019140625 0.02900390625 0.8290625 0.3345703125 2 0.8309374999999999 0.32587890625 2 0.8321093749999999 0.3177734375 2 0.835 0.31015625 2 0.8397656250000001 0.33408203125 2 0.83890625 0.3255859375 2 0.8378125000000001 0.3171875 2 0.0 0.0 0.0 0.0 0.0 0.0 0.0 0.0 0.0 0.0 0.0 0.0
1 0.708203125 0.31240234375 0.01328125 0.0251953125 0.7040625 0.3203125 2 0.705 0.31396484375 2 0.7056250000000001 0.30830078125 2 0.708359375 0.30068359375 2 0.711640625 0.3203125 2 0.7107812499999999 0.31396484375 2 0.709921875 0.30830078125 2 0.0 0.0 0.0 0.0 0.0 0.0 0.0 0.0 0.0 0.0 0.0 0.0
0 0.5078125 0.025390625 0.00625 0.009765625 0.5059828125 0.027697265625 2 0.50611015625 0.0250068359375 2 0.50657578125 0.0224326171875 2 0.50764921875 0.0199912109375 2 0.50868125 0.0268447265625 2 0.5085609375 0.024953125 2 0.5080554687500001 0.0225888671875 2 0.0 0.0 0.0 0.0 0.0 0.0 0.0 0.0 0.0 0.0 0.0 0.0
1 0.8545703124999999 0.305859375 0.013828125 0.023828125 0.8507031250000001 0.31416015625 2 0.851171875 0.30791015625 2 0.8521093750000001 0.301953125 2 0.8545359375 0.293970703125 2 0.8588281249999999 0.3142578125 2 0.8578906249999999 0.30751953125 2 0.857109375 0.30224609375 2 0.0 0.0 0.0 0.0 0.0 0.0 0.0 0.0 0.0 0.0 0.0 0.0
