0 0.703125 0.55908203125 0.078125 0.1142578125 0.683646875 0.5920380859375 2 0.68729296875 0.562869140625 2 0.6934914062499999 0.5337001953125 2 0.70406484375 0.5049873046875 2 0.7233898437499999 0.5929501953125 2 0.71689609375 0.561994140625 2 0.7131484375 0.53509375 2 0.0 0.0 0.0 0.0 0.0 0.0 0.0 0.0 0.0 0.0 0.0 0.0
0 0.965234375 0.4345703125 0.05078125 0.068359375 0.95200078125 0.4548525390625 2 0.955646875 0.4375341796875 2 0.95929375 0.4193037109375 2 0.96731484375 0.4028955078125 2 0.978253125 0.456220703125 2 0.9753359375 0.439357421875 2 0.973878125 0.4220380859375 2 0.0 0.0 0.0 0.0 0.0 0.0 0.0 0.0 0.0 0.0 0.0 0.0
0 0.10390625 0.362451171875 0.01875 0.03154296875 0.10015624999999999 0.3736328125 2 0.100546875 0.36484375 2 0.100859375 0.35732421875 2 0.10304687500000001 0.348046875 2 0.110625 0.37294921875 2 0.10789062499999999 0.3640625 2 0.106328125 0.35712890625 2 0.0 0.0 0.0 0.0 0.0 0.0 0.0 0.0 0.0 0.0 0.0 0.0
0 0.260546875 0.34423828125 0.01484375 0.0244140625 0.25630234375 0.3500185546875 2 0.2572859375 0.3437509765625 2 0.2581921875 0.3379296875 2 0.26018046875 0.331703125 2 0.26295625 0.348544921875 2 0.26274375 0.3438759765625 2 0.262140625 0.3381064453125 2 0.0 0.0 0.0 0.0 0.0 0.0 0.0 0.0 0.0 0.0 0.0 0.0
1 0.0583984375 0.346826171875 0.016796875 0.02568359375 0.053125 0.35498046875 2 0.054296875 0.34833984375 2 0.05515625 0.341796875 2 0.057265625 0.3349609375 2 0.063046875 0.354296875 2 0.061796874999999994 0.3482421875 2 0.06 0.3416015625 2 0.0 0.0 0.0 0.0 0.0 0.0 0.0 0.0 0.0 0.0 0.0 0.0
0 0.3959765625 0.327685546875 0.013828125 0.02255859375 0.393515625 0.33466796875 2 0.39421875 0.3287109375 2 0.39480234375 0.323396484375 2 0.39734375 0.3173828125 2 0.401015625 0.33466796875 2 0.40015625000000005 0.32890625 2 0.39921875 0.3234375 2 0.0 0.0 0.0 0.0 0.0 0.0 0.0 0.0 0.0 0.0 0.0 0.0
0 0.940604296875 0.31651318359375 0.01558359375 0.0275576171875 0.9352296875 0.326005859375 2 0.9370046875 0.3189794921875 2 0.9383359375 0.311953125 2 0.94085078125 0.30548046875 2 0.9448453125 0.3263759765625 2 0.9439578125000001 0.319349609375 2 0.9435140625 0.3125078125 2 0.0 0.0 0.0 0.0 0.0 0.0 0.0 0.0 0.0 0.0 0.0 0.0
0 0.8359375 0.31689453125 0.0140625 0.0244140625 0.8321093749999999 0.3248046875 2 0.83296875 0.31923828125 2 0.8338164062500001 0.3115556640625 2 0.836640625 0.305078125 2 0.8403906250000001 0.3248046875 2 0.8393750000000001 0.3189453125 2 0.838515625 0.311328125 2 0.0 0.0 0.0 0.0 0.0 0.0 0.0 0.0 0.0 0.0 0.0 0.0
1 0.7224999999999999 0.3068359375 0.013750000000000002 0.021875 0.719453125 0.313671875 2 0.720078125 0.3076171875 2 0.7210156249999999 0.30341796875 2 0.722890625 0.29609375 2 0.726796875 0.313671875 2 0.726171875 0.3078125 2 0.7253125 0.30341796875 2 0.0 0.0 0.0 0.0 0.0 0.0 0.0 0.0 0.0 0.0 0.0 0.0
1 0.33515625 0.322265625 0.0140625 0.021484375 0.332421875 0.32890625 2 0.33328125000000003 0.3236328125 2 0.333515625 0.31875 2 0.335703125 0.3125 2 0.340078125 0.329296875 2 0.3390625 0.32392578125 2 0.338515625 0.31845703125 2 0.0 0.0 0.0 0.0 0.0 0.0 0.0 0.0 0.0 0.0 0.0 0.0
0 0.636015625 0.31865234375 0.014218749999999999 0.0220703125 0.632734375 0.3251953125 2 0.632890625 0.3197265625 2 0.633203125 0.3138671875 2 0.635175 0.3076123046875 2 0.639765625 0.325 2 0.639375 0.3197265625 2 0.6383593750000001 0.31376953125 2 0.0 0.0 0.0 0.0 0.0 0.0 0.0 0.0 0.0 0.0 0.0 0.0
0 0.7343359375 0.317529296875 0.013984374999999999 0.02373046875 0.7299218749999999 0.3255859375 2 0.7307812499999999 0.31923828125 2 0.7318749999999999 0.31298828125 2 0.734453125 0.30634765625 2 0.7384375000000001 0.32509765625 2 0.7371875 0.31923828125 2 0.7365625 0.31318359375 2 0.0 0.0 0.0 0.0 0.0 0.0 0.0 0.0 0.0 0.0 0.0 0.0
1 0.2726953125 0.328515625 0.012578125 0.022265625 0.26971015625 0.332935546875 2 0.269921875 0.32890625 2 0.27015625 0.3234375 2 0.272109375 0.31767578125 2 0.276015625 0.33466796875 2 0.275390625 0.329296875 2 0.274765625 0.32333984375 2 0.0 0.0 0.0 0.0 0.0 0.0 0.0 0.0 0.0 0.0 0.0 0.0
1 0.41449218749999994 0.31728515625 0.011796875 0.0193359375 0.41187500000000005 0.32314453125 2 0.412734375 0.31845703125 2 0.41296875 0.31298828125 2 0.41484375 0.30771484375 2 0.41828125 0.32314453125 2 0.417578125 0.31865234375 2 0.417109375 0.312890625 2 0.0 0.0 0.0 0.0 0.0 0.0 0.0 0.0 0.0 0.0 0.0 0.0
1 0.508203125 0.312353515625 0.01171875 0.01923828125 0.50578125 0.31845703125 2 0.506484375 0.31318359375 2 0.50734375 0.30869140625 2 0.5090625 0.3037109375 2 0.5122656250000001 0.31826171875 2 0.51171875 0.3134765625 2 0.51125 0.3091796875 2 0.0 0.0 0.0 0.0 0.0 0.0 0.0 0.0 0.0 0.0 0.0 0.0
1 0.6062890624999999 0.3099609375 0.012578125 0.0203125 0.6025 0.315625 2 0.60328125 0.3095703125 2 0.603984375 0.30478515625 2 0.60640625 0.299609375 2 0.61 0.3154296875 2 0.609453125 0.3103515625 2 0.608671875 0.30498046875 2 0.0 0.0 0.0 0.0 0.0 0.0 0.0 0.0 0.0 0.0 0.0 0.0
0 0.5189453125 0.3203125 0.012890625 0.021484375 0.515 0.3275390625 2 0.5154687499999999 0.3212890625 2 0.515859375 0.31630859375 2 0.518353125 0.3102119140625 2 0.522421875 0.32705078125 2 0.5211718750000001 0.32119140625 2 0.520234375 0.31591796875 2 0.0 0.0 0.0 0.0 0.0 0.0 0.0 0.0 0.0 0.0 0.0 0.0
1 0.926171875 0.304296875 0.01171875 0.02265625 0.921171875 0.310546875 2 0.9221875 0.30556640625 2 0.923515625 0.29970703125 2 0.92578125 0.294140625 2 0.9290625 0.31123046875 2 0.9288281250000001 0.30537109375 2 0.928515625 0.29990234375 2 0.0 0.0 0.0 0.0 0.0 0.0 0.0 0.0 0.0 0.0 0.0 0.0
1 0.8087500000000001 0.306787109375 0.0128125 0.02177734375 0.8059375 0.31416015625 2 0.8067187499999999 0.30771484375 2 0.80734375 0.30341796875 2 0.809609375 0.2966796875 2 0.8130468750000001 0.31416015625 2 0.812890625 0.30771484375 2 0.8124218750000001 0.303515625 2 0.0 0.0 0.0 0.0 0.0 0.0 0.0 0.0 0.0 0.0 0.0 0.0
