0 0.6078125 0.5390625 0.0625 0.103515625 0.591325 0.572931640625 2 0.5942601562500001 0.5440888671875 2 0.5981164062500001 0.5181787109375 2 0.60771953125 0.4891865234375 2 0.62608359375 0.5738623046875 2 0.6214835937500001 0.543962890625 2 0.6175539062500001 0.516998046875 2 0.0 0.0 0.0 0.0 0.0 0.0 0.0 0.0 0.0 0.0 0.0 0.0
0 0.28488085937499996 0.83349609375 0.15882421875 0.2333984375 0.24470625 0.8898837890625 2 0.2511984375 0.8324248046875 2 0.25678671875000003 0.783890625 2 0.2723765625 0.7254296875 2 0.31758593749999997 0.8800166015625 2 0.30561484375000003 0.8265419921875 2 0.295025 0.779478515625 2 0.0 0.0 0.0 0.0 0.0 0.0 0.0 0.0 0.0 0.0 0.0 0.0
0 0.718359375 0.41638525390625 0.03671875 0.0593330078125 0.7077718749999999 0.437935546875 2 0.71062265625 0.421041015625 2 0.71305078125 0.4055986328125 2 0.7194921875 0.38949609375 2 0.72825625 0.437408203125 2 0.72688359375 0.4209091796875 2 0.72434921875 0.4053349609375 2 0.0 0.0 0.0 0.0 0.0 0.0 0.0 0.0 0.0 0.0 0.0 0.0
1 0.96171875 0.336578125 0.021875 0.03253125 0.95515 0.347984375 2 0.95664453125 0.3393046875 2 0.9575234375000001 0.331283203125 2 0.9613898437499999 0.321046875 2 0.96736875 0.3485341796875 2 0.9656984375000001 0.338865234375 2 0.9651710937500001 0.331392578125 2 0.0 0.0 0.0 0.0 0.0 0.0 0.0 0.0 0.0 0.0 0.0 0.0
0 0.20711015625 0.3736337890625 0.0235953125 0.036330078125 0.20030234375 0.387767578125 2 0.20116171875000002 0.3765869140625 2 0.20124765625 0.36701953125 2 0.20503203124999997 0.357236328125 2 0.21320234375 0.3874453125 2 0.21088046875000002 0.3765869140625 2 0.20881640625000003 0.36701953125 2 0.0 0.0 0.0 0.0 0.0 0.0 0.0 0.0 0.0 0.0 0.0 0.0
0 0.738671875 0.365087890625 0.02421875 0.04072265625 0.73171875 0.37890625 2 0.733515625 0.36767578125 2 0.734765625 0.35634765625 2 0.7390625 0.34462890625 2 0.7453125 0.3791015625 2 0.74390625 0.367578125 2 0.7427343750000001 0.356640625 2 0.0 0.0 0.0 0.0 0.0 0.0 0.0 0.0 0.0 0.0 0.0 0.0
0 0.320703125 0.3515625 0.01953125 0.03125 0.315234375 0.36162109375 2 0.31625000000000003 0.35322265625 2 0.3175 0.34638671875 2 0.31984375 0.33681640625 2 0.325859375 0.361328125 2 0.32429687500000004 0.3529296875 2 0.32296874999999997 0.34541015625 2 0.0 0.0 0.0 0.0 0.0 0.0 0.0 0.0 0.0 0.0 0.0 0.0
1 0.906640625 0.3218447265625 0.01484375 0.026501953125 0.9014421875 0.3307333984375 2 0.902584375 0.3233720703125 2 0.90372734375 0.3171083984375 2 0.9063648437499999 0.3098564453125 2 0.9101445312499999 0.330953125 2 0.9097046875 0.323591796875 2 0.9090015625 0.3173291015625 2 0.0 0.0 0.0 0.0 0.0 0.0 0.0 0.0 0.0 0.0 0.0 0.0
1 0.864453125 0.31298828125 0.01484375 0.0224609375 0.8605671875 0.320625 2 0.86100703125 0.315130859375 2 0.86179765625 0.30963671875 2 0.864521875 0.301595703125 2 0.86786328125 0.320955078125 2 0.86751171875 0.315021484375 2 0.86654453125 0.3094169921875 2 0.0 0.0 0.0 0.0 0.0 0.0 0.0 0.0 0.0 0.0 0.0 0.0
0 0.6984375 0.326416015625 0.015625 0.02587890625 0.6939062500000001 0.33486328125 2 0.6951562499999999 0.32822265625 2 0.69640625 0.3216796875 2 0.698125 0.31474609375 2 0.701796875 0.33505859375 2 0.70140625 0.32822265625 2 0.700390625 0.32197265625 2 0.0 0.0 0.0 0.0 0.0 0.0 0.0 0.0 0.0 0.0 0.0 0.0
0 0.719921875 0.3388671875 0.01796875 0.029296875 0.71546875 0.34990234375 2 0.716015625 0.34072265625 2 0.71796875 0.33349609375 2 0.720215625 0.3246669921875 2 0.724609375 0.34990234375 2 0.723828125 0.34072265625 2 0.722890625 0.3333984375 2 0.0 0.0 0.0 0.0 0.0 0.0 0.0 0.0 0.0 0.0 0.0 0.0
1 0.828125 0.308349609375 0.0125 0.02099609375 0.8247570312500001 0.3139052734375 2 0.8255945312499999 0.308283203125 2 0.8259375 0.30380859375 2 0.8282812500000001 0.29794921875 2 0.831328125 0.3138671875 2 0.83078125 0.3083984375 2 0.8303125 0.3037109375 2 0.0 0.0 0.0 0.0 0.0 0.0 0.0 0.0 0.0 0.0 0.0 0.0
0 0.351171875 0.34033203125 0.01640625 0.0263671875 0.347265625 0.348046875 2 0.348125 0.3419921875 2 0.3490625 0.33486328125 2 0.35078125 0.3287109375 2 0.355859375 0.3484375 2 0.35493671875 0.3422626953125 2 0.35324062500000003 0.3346337890625 2 0.0 0.0 0.0 0.0 0.0 0.0 0.0 0.0 0.0 0.0 0.0 0.0
0 0.6936328125 0.318115234375 0.012265624999999999 0.02099609375 0.68984375 0.32431640625 2 0.691015625 0.31923828125 2 0.691484375 0.31357421875 2 0.69307890625 0.3077314453125 2 0.696484375 0.32412109375 1 0.6959375 0.31884765625 2 0.6956249999999999 0.31357421875 2 0.0 0.0 0.0 0.0 0.0 0.0 0.0 0.0 0.0 0.0 0.0 0.0
1 0.039317578124999995 0.36497802734375 0.02082265625 0.0307373046875 0.03348359375 0.3753828125 2 0.03379765625 0.367796875 2 0.03390234375 0.35994921875 2 0.03662265625 0.350923828125 2 0.0448890625 0.37512109375 2 0.04311015625 0.367142578125 2 0.0412265625 0.359556640625 2 0.0 0.0 0.0 0.0 0.0 0.0 0.0 0.0 0.0 0.0 0.0 0.0
1 0.1459375 0.34793798828125 0.016875 0.0259541015625 0.14078125 0.35654296875 2 0.141796875 0.3505859375 2 0.14234375 0.34462890625 2 0.14495859375 0.3366474609375 2 0.150703125 0.356640625 2 0.14890625 0.350390625 2 0.14781249999999999 0.34443359375 2 0.0 0.0 0.0 0.0 0.0 0.0 0.0 0.0 0.0 0.0 0.0 0.0
1 0.1865234375 0.339453125 0.013671875 0.02265625 0.18226562500000001 0.3466796875 2 0.1828125 0.3408203125 2 0.18296874999999999 0.33515625 2 0.185 0.32822265625 2 0.19007812500000001 0.34677734375 2 0.188984375 0.34091796875 2 0.187890625 0.3349609375 2 0.0 0.0 0.0 0.0 0.0 0.0 0.0 0.0 0.0 0.0 0.0 0.0
1 0.7845703125 0.303271484375 0.009765625 0.01865234375 0.781328125 0.31005859375 2 0.781640625 0.30546875 2 0.78203125 0.30029296875 2 0.783828125 0.29541015625 2 0.7869531249999999 0.30986328125 2 0.786640625 0.30537109375 2 0.78609375 0.3001953125 2 0.0 0.0 0.0 0.0 0.0 0.0 0.0 0.0 0.0 0.0 0.0 0.0
0 0.014296093749999999 0.408203125 0.028592187499999998 0.044921875 0.00523203125 0.4248232421875 2 0.0063828125 0.411875 2 0.006592187500000001 0.399841796875 2 0.010150000000000001 0.3855849609375 2 0.02270625 0.423646484375 2 0.0195671875 0.41108984375 2 0.0163234375 0.3991875 2 0.0 0.0 0.0 0.0 0.0 0.0 0.0 0.0 0.0 0.0 0.0 0.0
