0 0.456640625 0.57666015625 0.07578125 0.1123046875 0.43697734375 0.6124169921875 2 0.43836171874999996 0.582130859375 2 0.44234140625 0.5531435546875 2 0.45393671874999997 0.52307421875 2 0.47418515625 0.6115517578125 2 0.46916640625 0.57953515625 2 0.46449375000000004 0.55162890625 2 0.0 0.0 0.0 0.0 0.0 0.0 0.0 0.0 0.0 0.0 0.0 0.0
1 0.05703125 0.372705078125 0.01875 0.02861328125 0.05242187499999999 0.38212890625 2 0.05328125 0.3744140625 2 0.054140625 0.36767578125 2 0.056874999999999995 0.35908203125 2 0.063125 0.38203125 2 0.06089218749999999 0.3745078125 2 0.059843749999999994 0.36767578125 2 0.0 0.0 0.0 0.0 0.0 0.0 0.0 0.0 0.0 0.0 0.0 0.0
0 0.56015625 0.35414794921875 0.01875 0.0305615234375 0.55545 0.3640888671875 2 0.55657421875 0.3563603515625 2 0.55747421875 0.3487724609375 2 0.56021640625 0.33946875 2 0.56556796875 0.36380859375 2 0.56444375 0.3563603515625 2 0.56365703125 0.3489130859375 2 0.0 0.0 0.0 0.0 0.0 0.0 0.0 0.0 0.0 0.0 0.0 0.0
1 0.97109375 0.33837890625 0.0203125 0.0302734375 0.96468203125 0.3483408203125 2 0.96618828125 0.3408134765625 2 0.96824296875 0.3327734375 2 0.9713921875 0.3238779296875 2 0.9760484375 0.348169921875 2 0.97508984375 0.3404716796875 2 0.9745421875 0.3329443359375 2 0.0 0.0 0.0 0.0 0.0 0.0 0.0 0.0 0.0 0.0 0.0 0.0
0 0.400390625 0.3623046875 0.01796875 0.029296875 0.39559375 0.37308203125 2 0.39683046875 0.365916015625 2 0.3978421875 0.3567822265625 2 0.4004359375 0.348083984375 2 0.40604843749999997 0.3728017578125 2 0.40469999999999995 0.365212890625 2 0.40301328124999997 0.3566416015625 2 0.0 0.0 0.0 0.0 0.0 0.0 0.0 0.0 0.0 0.0 0.0 0.0
1 0.79375 0.33470654296875 0.015625 0.0268349609375 0.7885921875 0.34294140625 2 0.78973046875 0.3364296875 2 0.79053125 0.3305400390625 2 0.79312890625 0.3223837890625 2 0.79713203125 0.343052734375 2 0.79613515625 0.336541015625 2 0.795334375 0.3305400390625 2 0.0 0.0 0.0 0.0 0.0 0.0 0.0 0.0 0.0 0.0 0.0 0.0
1 0.69609375 0.3356064453125 0.015625 0.026681640625 0.6920640625 0.3440732421875 2 0.69295390625 0.337294921875 2 0.6937546875 0.3311826171875 2 0.6967789062499999 0.324404296875 2 0.70069296875 0.3438505859375 2 0.69962578125 0.33718359375 2 0.6990031250000001 0.3309609375 2 0.0 0.0 0.0 0.0 0.0 0.0 0.0 0.0 0.0 0.0 0.0 0.0
0 0.201171875 0.3777294921875 0.01953125 0.032802734375 0.196015625 0.38876953125 2 0.19695390625 0.3805302734375 2 0.19796875 0.372265625 2 0.20055078124999998 0.36338671875 2 0.20750000000000002 0.38837890625 2 0.20594687500000003 0.3802490234375 2 0.20339999999999997 0.37182421875 2 0.0 0.0 0.0 0.0 0.0 0.0 0.0 0.0 0.0 0.0 0.0 0.0
1 0.86796875 0.3359375 0.0171875 0.02734375 0.8630515624999999 0.3446982421875 2 0.8637359375000001 0.3388818359375 2 0.86510546875 0.33118359375 2 0.8676812500000001 0.322388671875 2 0.87250078125 0.344869140625 2 0.8714046874999999 0.338197265625 2 0.8707203124999999 0.3310126953125 2 0.0 0.0 0.0 0.0 0.0 0.0 0.0 0.0 0.0 0.0 0.0 0.0
1 0.31309140625 0.35315283203125 0.0152453125 0.0246650390625 0.30968046875 0.36184375 2 0.3103125 0.355078125 2 0.3109375 0.34921875 2 0.3128796875 0.3413779296875 2 0.31777578125 0.361732421875 2 0.316175 0.3548427734375 2 0.31519140625 0.348951171875 2 0.0 0.0 0.0 0.0 0.0 0.0 0.0 0.0 0.0 0.0 0.0 0.0
0 0.730078125 0.36376953125 0.02109375 0.0341796875 0.7239109375 0.3755400390625 2 0.7251218749999999 0.36558984375 2 0.72649375 0.3560078125 2 0.72957109375 0.3468564453125 2 0.73637109375 0.3759736328125 1 0.73481328125 0.3658056640625 2 0.73360234375 0.3562880859375 2 0.0 0.0 0.0 0.0 0.0 0.0 0.0 0.0 0.0 0.0 0.0 0.0
1 0.601953125 0.3390625 0.01484375 0.023828125 0.5982031250000001 0.346484375 2 0.598984375 0.34091796875 2 0.599609375 0.33427734375 2 0.601953125 0.32783203125 2 0.6056250000000001 0.34599609375 2 0.60466015625 0.3408740234375 2 0.60390625 0.33427734375 2 0.0 0.0 0.0 0.0 0.0 0.0 0.0 0.0 0.0 0.0 0.0 0.0
1 0.513671875 0.341796875 0.01484375 0.0234375 0.5103125000000001 0.35 2 0.510625 0.344140625 2 0.5114062500000001 0.33759765625 2 0.5135156249999999 0.330078125 2 0.5175 0.34990234375 2 0.516640625 0.3439453125 2 0.51609375 0.33779296875 2 0.0 0.0 0.0 0.0 0.0 0.0 0.0 0.0 0.0 0.0 0.0 0.0
1 0.4234375 0.34619140625 0.015625 0.0244140625 0.41921875000000003 0.35419921875 2 0.42000000000000004 0.3482421875 2 0.420546875 0.3419921875 2 0.42296875 0.33525390625 2 0.427578125 0.3541015625 2 0.42625 0.34833984375 2 0.4253125 0.34208984375 2 0.0 0.0 0.0 0.0 0.0 0.0 0.0 0.0 0.0 0.0 0.0 0.0
1 0.1997265625 0.3603515625 0.016640625 0.025390625 0.19468749999999999 0.36943359375 2 0.195546875 0.3619140625 2 0.19609375 0.35625 2 0.19859374999999999 0.34892578125 2 0.20460937499999998 0.36826171875 2 0.20328125 0.36201171875 2 0.20203125000000002 0.3560546875 2 0.0 0.0 0.0 0.0 0.0 0.0 0.0 0.0 0.0 0.0 0.0 0.0
0 0.631640625 0.46484375 0.04921875 0.07421875 0.61868984375 0.4899765625 2 0.6214593749999999 0.4698583984375 2 0.6243624999999999 0.4499697265625 2 0.6309773437499999 0.4304873046875 2 0.64378359375 0.4895439453125 2 0.64049609375 0.4687763671875 2 0.63738046875 0.450388671875 2 0.0 0.0 0.0 0.0 0.0 0.0 0.0 0.0 0.0 0.0 0.0 0.0
0 0.73359375 0.390625 0.03125 0.044921875 0.7259875 0.4060419921875 2 0.7282375 0.3930625 2 0.7291875 0.3814892578125 2 0.73429453125 0.3697001953125 2 0.7408703125 0.405826171875 2 0.73983203125 0.3928466796875 2 0.7389671875 0.3811650390625 2 0.0 0.0 0.0 0.0 0.0 0.0 0.0 0.0 0.0 0.0 0.0 0.0
