1 0.350390625 0.48690087890625 0.05078125 0.0812236328125 0.33675781250000003 0.509142578125 2 0.3401984375 0.4886533203125 2 0.34320546875 0.470177734375 2 0.35062109375 0.447923828125 2 0.36301484375 0.51028125 2 0.35940703125 0.4890517578125 2 0.356996875 0.47075390625 2 0.0 0.0 0.0 0.0 0.0 0.0 0.0 0.0 0.0 0.0 0.0 0.0
1 0.24921875 0.41845703125 0.034375 0.0537109375 0.23976562499999998 0.43349609375 2 0.24215625 0.4185712890625 2 0.24304687500000002 0.4068359375 2 0.2489203125 0.3916171875 2 0.256796875 0.43359375 2 0.255859375 0.4189453125 2 0.254375 0.4068359375 2 0.0 0.0 0.0 0.0 0.0 0.0 0.0 0.0 0.0 0.0 0.0 0.0
1 0.62265625 0.64794921875 0.090625 0.1396484375 0.59358671875 0.689685546875 2 0.60587734375 0.6488271484375 2 0.61189140625 0.6184287109375 2 0.62653515625 0.5805126953125 2 0.64562421875 0.692626953125 2 0.64143984375 0.6527490234375 2 0.63725625 0.620716796875 2 0.0 0.0 0.0 0.0 0.0 0.0 0.0 0.0 0.0 0.0 0.0 0.0
1 0.285546875 0.38134765625 0.02421875 0.0400390625 0.278515625 0.39326171875 2 0.280625 0.3826171875 2 0.281796875 0.37314453125 2 0.286484375 0.36123046875 2 0.29226562500000003 0.39384765625 2 0.29093749999999996 0.3826171875 2 0.290703125 0.3732421875 2 0.0 0.0 0.0 0.0 0.0 0.0 0.0 0.0 0.0 0.0 0.0 0.0
0 0.083984375 0.35302734375 0.01953125 0.0322265625 0.0781 0.361716796875 2 0.07960937500000001 0.3533203125 2 0.08052734375000001 0.3457939453125 2 0.0834 0.3375478515625 2 0.08828125 0.361328125 2 0.08665078125 0.3535478515625 2 0.0859375 0.345703125 2 0.0 0.0 0.0 0.0 0.0 0.0 0.0 0.0 0.0 0.0 0.0 0.0
0 0.116796875 0.34574755859375 0.01953125 0.0293857421875 0.11203125 0.3552236328125 2 0.11281640625 0.346935546875 2 0.113725 0.3399697265625 2 0.11630703125 0.3319931640625 2 0.12066953124999999 0.355115234375 2 0.1192734375 0.346826171875 2 0.11876640624999998 0.3401318359375 2 0.0 0.0 0.0 0.0 0.0 0.0 0.0 0.0 0.0 0.0 0.0 0.0
1 0.22890625 0.33740234375 0.0140625 0.0224609375 0.224765625 0.3435546875 2 0.22562500000000002 0.337109375 2 0.22640625 0.33203125 2 0.2290625 0.3265625 2 0.23203125 0.34384765625 2 0.23179687499999999 0.33759765625 2 0.23140624999999998 0.33193359375 2 0.0 0.0 0.0 0.0 0.0 0.0 0.0 0.0 0.0 0.0 0.0 0.0
1 0.040234375 0.32958984375 0.01484375 0.0224609375 0.0361578125 0.3350546875 2 0.03699765625 0.3293271484375 2 0.03791015625 0.3240126953125 2 0.040234375 0.31826171875 2 0.043359375 0.33515625 2 0.042590625 0.329490234375 2 0.04202109375 0.3241884765625 2 0.0 0.0 0.0 0.0 0.0 0.0 0.0 0.0 0.0 0.0 0.0 0.0
1 0.31953125 0.34326171875 0.0140625 0.0244140625 0.3153125 0.3501953125 2 0.316640625 0.3439453125 2 0.31710937499999997 0.33818359375 2 0.319765625 0.3310546875 2 0.32359375 0.350390625 2 0.322578125 0.3439453125 2 0.322265625 0.33798828125 2 0.0 0.0 0.0 0.0 0.0 0.0 0.0 0.0 0.0 0.0 0.0 0.0
0 0.05390625 0.3388671875 0.0171875 0.02734375 0.049062499999999995 0.3474609375 2 0.050078124999999994 0.341015625 2 0.050703125 0.3337890625 2 0.053515625 0.32607421875 2 0.05765625 0.3470703125 2 0.056484374999999996 0.34072265625 2 0.056015625 0.333984375 2 0.0 0.0 0.0 0.0 0.0 0.0 0.0 0.0 0.0 0.0 0.0 0.0
