0 0.3734375 0.6417900390625 0.096875 0.141001953125 0.3490140625 0.6793037109375 2 0.356453125 0.6454169921875 2 0.36111796875 0.61200390625 2 0.37302890624999996 0.5734501953125 2 0.3993234375 0.6786728515625 2 0.39352343749999996 0.6433681640625 2 0.3863359375 0.6099541015625 2 0.0 0.0 0.0 0.0 0.0 0.0 0.0 0.0 0.0 0.0 0.0 0.0
0 0.634375 0.47625732421875 0.0546875 0.0794677734375 0.62071796875 0.5010673828125 2 0.62452734375 0.4805556640625 2 0.6271648437499999 0.4601669921875 2 0.6342625 0.4386201171875 2 0.6481648437499999 0.5000908203125 2 0.64513671875 0.4805556640625 2 0.6410820312500001 0.4600087890625 2 0.0 0.0 0.0 0.0 0.0 0.0 0.0 0.0 0.0 0.0 0.0 0.0
0 0.71484375 0.42138671875 0.0390625 0.0576171875 0.7049218749999999 0.43984375 2 0.70890625 0.42392578125 2 0.711875 0.4087890625 2 0.7178125 0.393359375 2 0.728046875 0.44013671875 2 0.7242968750000001 0.42373046875 2 0.721796875 0.40888671875 2 0.0 0.0 0.0 0.0 0.0 0.0 0.0 0.0 0.0 0.0 0.0 0.0
0 0.7390625 0.3896484375 0.03125 0.046875 0.73140625 0.405859375 2 0.73359375 0.392578125 2 0.735390625 0.3806640625 2 0.739453125 0.36748046875 2 0.748828125 0.40634765625 2 0.7455468749999999 0.392578125 2 0.74390625 0.3802734375 2 0.0 0.0 0.0 0.0 0.0 0.0 0.0 0.0 0.0 0.0 0.0 0.0
0 0.7078125 0.3720703125 0.025 0.041015625 0.70203125 0.38486328125 2 0.7034374999999999 0.37421875 2 0.70546875 0.36376953125 2 0.70859375 0.35185546875 2 0.715234375 0.384765625 2 0.713828125 0.3744140625 2 0.712421875 0.363671875 2 0.0 0.0 0.0 0.0 0.0 0.0 0.0 0.0 0.0 0.0 0.0 0.0
1 0.65625 0.33740234375 0.0171875 0.0283203125 0.651328125 0.3470703125 2 0.6521874999999999 0.33935546875 2 0.653125 0.33251953125 2 0.656328125 0.32421875 2 0.6607031250000001 0.34697265625 2 0.659296875 0.3390625 2 0.6583593750000001 0.3326171875 2 0.0 0.0 0.0 0.0 0.0 0.0 0.0 0.0 0.0 0.0 0.0 0.0
1 0.792578125 0.3359375 0.01796875 0.029296875 0.7871875 0.346875 2 0.789296875 0.33779296875 2 0.790078125 0.33046875 2 0.7931250000000001 0.321484375 2 0.798359375 0.3462890625 2 0.7965625000000001 0.337890625 2 0.795703125 0.33037109375 2 0.0 0.0 0.0 0.0 0.0 0.0 0.0 0.0 0.0 0.0 0.0 0.0
1 0.940234375 0.34033203125 0.02265625 0.0341796875 0.934296875 0.3521484375 2 0.9366406250000001 0.342578125 2 0.9375 0.33388671875 2 0.9412499999999999 0.32353515625 2 0.9471093749999999 0.35205078125 2 0.944921875 0.3423828125 2 0.94375 0.33408203125 2 0.0 0.0 0.0 0.0 0.0 0.0 0.0 0.0 0.0 0.0 0.0 0.0
0 0.57734375 0.36572265625 0.0234375 0.0361328125 0.5719531250000001 0.3779296875 2 0.573828125 0.36787109375 2 0.574609375 0.35849609375 2 0.5775 0.34853515625 2 0.584375 0.377734375 2 0.5825 0.3677734375 2 0.580859375 0.35830078125 2 0.0 0.0 0.0 0.0 0.0 0.0 0.0 0.0 0.0 0.0 0.0 0.0
1 0.5171875 0.34228515625 0.0171875 0.0283203125 0.511953125 0.35185546875 2 0.5134375 0.344140625 2 0.514296875 0.3369140625 2 0.51673984375 0.3285927734375 2 0.52265625 0.35224609375 2 0.520390625 0.34404296875 2 0.5192187500000001 0.3369140625 2 0.0 0.0 0.0 0.0 0.0 0.0 0.0 0.0 0.0 0.0 0.0 0.0
0 0.43125 0.37109375 0.021875 0.03515625 0.425625 0.38388671875 2 0.42750000000000005 0.373828125 2 0.428828125 0.36416015625 2 0.43156249999999996 0.3544921875 2 0.438359375 0.38359375 2 0.43656249999999996 0.37412109375 2 0.43515625 0.3642578125 2 0.0 0.0 0.0 0.0 0.0 0.0 0.0 0.0 0.0 0.0 0.0 0.0
1 0.3345703125 0.35673828125 0.017578125 0.0298828125 0.328984375 0.366796875 2 0.330546875 0.3583984375 2 0.33132812500000003 0.35166015625 2 0.33414062499999997 0.3427734375 2 0.3403125 0.36748046875 2 0.33773437500000003 0.35830078125 2 0.3365625 0.3515625 2 0.0 0.0 0.0 0.0 0.0 0.0 0.0 0.0 0.0 0.0 0.0 0.0
0 0.305078125 0.38427734375 0.02421875 0.0380859375 0.29921875 0.396875 2 0.30078125 0.38642578125 2 0.30171875 0.3767578125 2 0.30468203125 0.3655478515625 2 0.31296875 0.39658203125 2 0.31104375 0.3873330078125 2 0.30859375 0.37626953125 2 0.0 0.0 0.0 0.0 0.0 0.0 0.0 0.0 0.0 0.0 0.0 0.0
1 0.15546875 0.37255859375 0.01875 0.0322265625 0.1509375 0.38330078125 2 0.15226562500000002 0.37392578125 2 0.15296875000000001 0.36669921875 2 0.155390625 0.35693359375 2 0.163359375 0.38349609375 2 0.15953124999999999 0.37353515625 2 0.158515625 0.36640625 2 0.0 0.0 0.0 0.0 0.0 0.0 0.0 0.0 0.0 0.0 0.0 0.0
0 0.16328125 0.408203125 0.0296875 0.04296875 0.155859375 0.42158203125 2 0.1575 0.41005859375 2 0.1586765625 0.39808984375 2 0.16268515625 0.386705078125 2 0.173359375 0.42177734375 2 0.1696875 0.40986328125 2 0.16668906249999998 0.3983310546875 2 0.0 0.0 0.0 0.0 0.0 0.0 0.0 0.0 0.0 0.0 0.0 0.0
0 0.03671875 0.4326171875 0.034375 0.052734375 0.0268515625 0.4513525390625 2 0.027735156249999997 0.437220703125 2 0.029854687499999998 0.422646484375 2 0.033210937499999996 0.4078515625 2 0.04681328125 0.4495859375 2 0.04328046875 0.4358955078125 2 0.039924218750000004 0.4222041015625 2 0.0 0.0 0.0 0.0 0.0 0.0 0.0 0.0 0.0 0.0 0.0 0.0
