0 0.497265625 0.329443359375 0.01171875 0.02021484375 0.49390625000000005 0.3369140625 2 0.494296875 0.33154296875 2 0.49507812500000004 0.32607421875 2 0.496953125 0.3203125 2 0.500078125 0.3369140625 2 0.49890625 0.331640625 2 0.4984375 0.32626953125 2 0.0 0.0 0.0 0.0 0.0 0.0 0.0 0.0 0.0 0.0 0.0 0.0
0 0.44765625 0.340185546875 0.0140625 0.02412109375 0.44390625000000006 0.35029296875 2 0.44460937500000003 0.3427734375 2 0.445 0.33701171875 2 0.4474609375 0.328611328125 2 0.45140624999999995 0.3498046875 2 0.45023437499999996 0.34267578125 2 0.44929687500000004 0.33720703125 2 0.0 0.0 0.0 0.0 0.0 0.0 0.0 0.0 0.0 0.0 0.0 0.0
0 0.38125 0.35205078125 0.015625 0.0263671875 0.37609375 0.361328125 2 0.376484375 0.3537109375 2 0.3775 0.34658203125 2 0.37984375 0.3388671875 2 0.384375 0.36123046875 2 0.38375 0.35361328125 2 0.38203125 0.34658203125 2 0.0 0.0 0.0 0.0 0.0 0.0 0.0 0.0 0.0 0.0 0.0 0.0
1 0.34375 0.33544921875 0.0109375 0.0185546875 0.341328125 0.34169921875 2 0.34164062500000003 0.33720703125 2 0.342109375 0.33212890625 2 0.3437484375 0.326435546875 2 0.346640625 0.34169921875 2 0.34585937499999997 0.337109375 2 0.34515625 0.3322265625 2 0.0 0.0 0.0 0.0 0.0 0.0 0.0 0.0 0.0 0.0 0.0 0.0
1 0.27734375 0.34521484375 0.0125 0.0205078125 0.273828125 0.35146484375 2 0.274765625 0.3462890625 2 0.27515625 0.34140625 2 0.2768875 0.334634765625 2 0.28078125 0.3515625 2 0.27945312499999997 0.34609375 2 0.278671875 0.34091796875 2 0.0 0.0 0.0 0.0 0.0 0.0 0.0 0.0 0.0 0.0 0.0 0.0
0 0.295703125 0.368212890625 0.01953125 0.03134765625 0.289921875 0.37822265625 2 0.29078125 0.3703125 2 0.29140625 0.36201171875 2 0.294140625 0.35302734375 2 0.300546875 0.3779296875 2 0.29874999999999996 0.36982421875 2 0.297109375 0.36220703125 2 0.0 0.0 0.0 0.0 0.0 0.0 0.0 0.0 0.0 0.0 0.0 0.0
1 0.2 0.35595703125 0.0140625 0.0244140625 0.19664062499999999 0.36435546875 2 0.19703125 0.3580078125 2 0.198046875 0.351171875 2 0.19967421875 0.3440341796875 2 0.204921875 0.36416015625 2 0.203125 0.3580078125 2 0.201953125 0.3513671875 2 0.0 0.0 0.0 0.0 0.0 0.0 0.0 0.0 0.0 0.0 0.0 0.0
1 0.069140625 0.3759765625 0.01796875 0.029296875 0.06414062499999999 0.3865234375 2 0.06453125 0.37734375 2 0.06515625 0.37001953125 2 0.067578125 0.3615234375 2 0.07453125000000001 0.38583984375 2 0.07234375 0.37802734375 2 0.070859375 0.3703125 2 0.0 0.0 0.0 0.0 0.0 0.0 0.0 0.0 0.0 0.0 0.0 0.0
0 0.16640625 0.39404296875 0.0234375 0.0380859375 0.159609375 0.4078125 2 0.160703125 0.3970703125 2 0.16140625 0.386328125 2 0.16375 0.37568359375 2 0.17289062500000002 0.406640625 2 0.171171875 0.39697265625 2 0.168965625 0.385853515625 2 0.0 0.0 0.0 0.0 0.0 0.0 0.0 0.0 0.0 0.0 0.0 0.0
0 0.986328125 0.37109375 0.02734375 0.048828125 0.97949140625 0.387509765625 2 0.981690625 0.37553515625 2 0.98373203125 0.3623818359375 2 0.9893859375 0.34942578125 2 0.9969234374999999 0.3886875 2 0.9950390625000001 0.375337890625 2 0.9934687500000001 0.3623818359375 2 0.0 0.0 0.0 0.0 0.0 0.0 0.0 0.0 0.0 0.0 0.0 0.0
0 0.948046875 0.4111328125 0.04609375 0.0625 0.93598984375 0.431875 2 0.93897421875 0.416169921875 2 0.94148671875 0.399484375 2 0.9493390625 0.38338671875 2 0.9579765625000001 0.4332490234375 2 0.95624921875 0.4163662109375 2 0.95452109375 0.399876953125 2 0.0 0.0 0.0 0.0 0.0 0.0 0.0 0.0 0.0 0.0 0.0 0.0
0 0.751171875 0.4609375 0.05546875 0.076171875 0.7370140625 0.484091796875 2 0.7396835937499999 0.4648544921875 2 0.743009375 0.44405078125 2 0.75083359375 0.42500390625 2 0.76229765625 0.484876953125 2 0.76009921875 0.46505078125 2 0.75749296875 0.4448291015625 2 0.0 0.0 0.0 0.0 0.0 0.0 0.0 0.0 0.0 0.0 0.0 0.0
0 0.603515625 0.5185546875 0.06796875 0.09765625 0.58506015625 0.545853515625 2 0.5896375 0.520443359375 2 0.59253203125 0.4972451171875 2 0.60148359375 0.4723134765625 2 0.61844453125 0.548087890625 2 0.61357578125 0.5204091796875 2 0.6093359375 0.4964599609375 2 0.0 0.0 0.0 0.0 0.0 0.0 0.0 0.0 0.0 0.0 0.0 0.0
0 0.37890625 0.63720703125 0.096875 0.1435546875 0.35842890625 0.6778603515625 2 0.36268671874999997 0.63915234375 2 0.3661703125 0.606251953125 2 0.3770078125 0.570447265625 2 0.40410312499999995 0.67495703125 2 0.3971359375 0.6401201171875 2 0.39016875 0.606251953125 2 0.0 0.0 0.0 0.0 0.0 0.0 0.0 0.0 0.0 0.0 0.0 0.0
