0 0.8515625 0.4886103515625 0.0640625 0.090501953125 0.83402578125 0.518158203125 2 0.8377234375 0.4945693359375 2 0.84193125 0.4698642578125 2 0.852259375 0.445478515625 2 0.86653984375 0.5186357421875 2 0.8625875000000001 0.493931640625 2 0.8596546875 0.4703427734375 2 0.0 0.0 0.0 0.0 0.0 0.0 0.0 0.0 0.0 0.0 0.0 0.0
0 0.52109375 0.62744140625 0.096875 0.1435546875 0.49664140625000003 0.6671826171875 2 0.5016140625000001 0.631798828125 2 0.50594921875 0.5959375 2 0.51857265625 0.5615107421875 2 0.54445625 0.6646318359375 2 0.5357171875 0.630943359375 2 0.53081328125 0.596255859375 2 0.0 0.0 0.0 0.0 0.0 0.0 0.0 0.0 0.0 0.0 0.0 0.0
0 0.655859375 0.300927734375 0.00859375 0.01396484375 0.6528125 0.30634765625 2 0.6534523437499999 0.3026181640625 2 0.6540007812499999 0.29864453125 2 0.6553140625 0.294173828125 2 0.6570890625 0.3058271484375 2 0.65676484375 0.3025419921875 2 0.656396875 0.298654296875 2 0.0 0.0 0.0 0.0 0.0 0.0 0.0 0.0 0.0 0.0 0.0 0.0
0 0.5875 0.303515625 0.009375 0.015234375 0.5846875 0.30830078125 2 0.58546875 0.3052734375 2 0.585859375 0.30166015625 2 0.587109375 0.29697265625 2 0.5901562499999999 0.3080078125 2 0.589140625 0.305078125 2 0.58859375 0.3017578125 2 0.0 0.0 0.0 0.0 0.0 0.0 0.0 0.0 0.0 0.0 0.0 0.0
1 0.5730078125 0.30078125 0.008515625 0.013671875 0.5708593750000001 0.305078125 2 0.571640625 0.3015625 2 0.572265625 0.2982421875 2 0.5734375 0.29462890625 2 0.575390625 0.305078125 2 0.574609375 0.30185546875 2 0.574140625 0.298046875 2 0.0 0.0 0.0 0.0 0.0 0.0 0.0 0.0 0.0 0.0 0.0 0.0
0 0.514453125 0.31103515625 0.01015625 0.0166015625 0.511484375 0.3166015625 2 0.5122656250000001 0.3119140625 2 0.5125031250000001 0.307568359375 2 0.5139703124999999 0.3031806640625 2 0.516640625 0.3166015625 2 0.515859375 0.3119140625 2 0.51530625 0.30773828125 2 0.0 0.0 0.0 0.0 0.0 0.0 0.0 0.0 0.0 0.0 0.0 0.0
1 0.50609375 0.307275390625 0.0090625 0.01494140625 0.503671875 0.31103515625 2 0.503984375 0.30751953125 2 0.5042187499999999 0.30341796875 2 0.505625 0.29970703125 2 0.508828125 0.3111328125 2 0.507890625 0.30771484375 2 0.50734375 0.30341796875 2 0.0 0.0 0.0 0.0 0.0 0.0 0.0 0.0 0.0 0.0 0.0 0.0
1 0.448828125 0.31201171875 0.00859375 0.0146484375 0.4459375 0.31689453125 2 0.447421875 0.3130859375 2 0.447734375 0.30927734375 2 0.44898437500000005 0.30546875 2 0.45140624999999995 0.31689453125 2 0.450703125 0.31337890625 2 0.4503125 0.30927734375 2 0.0 0.0 0.0 0.0 0.0 0.0 0.0 0.0 0.0 0.0 0.0 0.0
0 0.434765625 0.318359375 0.01015625 0.017578125 0.431796875 0.3236328125 2 0.43234374999999997 0.31943359375 2 0.43289062500000003 0.31513671875 2 0.43453125000000004 0.31015625 2 0.43765625 0.32294921875 2 0.43679687500000003 0.319140625 2 0.43546874999999996 0.31513671875 2 0.0 0.0 0.0 0.0 0.0 0.0 0.0 0.0 0.0 0.0 0.0 0.0
1 0.38046875 0.3173828125 0.009375 0.015625 0.37710937499999997 0.32255859375 2 0.3775 0.31865234375 2 0.37820312500000003 0.3140625 2 0.37984375 0.3099609375 2 0.38234375 0.322265625 2 0.381953125 0.31865234375 2 0.381328125 0.31416015625 2 0.0 0.0 0.0 0.0 0.0 0.0 0.0 0.0 0.0 0.0 0.0 0.0
0 0.35984375 0.323974609375 0.010312499999999999 0.01708984375 0.356875 0.32890625 2 0.35757812499999997 0.32470703125 2 0.357734375 0.3205078125 2 0.359375 0.315625 2 0.362421875 0.32841796875 2 0.361640625 0.32431640625 2 0.3609375 0.32041015625 2 0.0 0.0 0.0 0.0 0.0 0.0 0.0 0.0 0.0 0.0 0.0 0.0
0 0.283984375 0.3271484375 0.01171875 0.01953125 0.28015625 0.3337890625 2 0.2809375 0.32958984375 2 0.28132812500000004 0.3255859375 2 0.2828125 0.321484375 2 0.286328125 0.33359375 2 0.28531249999999997 0.32958984375 2 0.28445312500000003 0.32548828125 2 0.0 0.0 0.0 0.0 0.0 0.0 0.0 0.0 0.0 0.0 0.0 0.0
0 0.2043359375 0.3359375 0.010234375 0.017578125 0.20070312499999998 0.3423828125 2 0.20125 0.337109375 2 0.201484375 0.33251953125 2 0.20328125 0.32763671875 2 0.20703125 0.34189453125 2 0.20578124999999997 0.33701171875 2 0.20515625 0.33251953125 2 0.0 0.0 0.0 0.0 0.0 0.0 0.0 0.0 0.0 0.0 0.0 0.0
1 0.18671875 0.331298828125 0.009375 0.01611328125 0.184375 0.335546875 2 0.18515625 0.3310546875 2 0.18562499999999998 0.32705078125 2 0.18703125 0.32265625 2 0.18984375 0.335546875 2 0.1890625 0.33095703125 2 0.188671875 0.32685546875 2 0.0 0.0 0.0 0.0 0.0 0.0 0.0 0.0 0.0 0.0 0.0 0.0
0 0.103515625 0.345361328125 0.01171875 0.01884765625 0.10007812499999999 0.35126953125 2 0.100859375 0.34619140625 2 0.10140625 0.3412109375 2 0.1028125 0.33623046875 2 0.107421875 0.3509765625 2 0.10593749999999999 0.3458984375 2 0.10515624999999999 0.3412109375 2 0.0 0.0 0.0 0.0 0.0 0.0 0.0 0.0 0.0 0.0 0.0 0.0
1 0.0640625 0.33740234375 0.0109375 0.0185546875 0.0615625 0.34345703125 2 0.061953125 0.338671875 2 0.062343749999999996 0.3349609375 2 0.064296875 0.32880859375 2 0.06796875 0.34306640625 2 0.06687499999999999 0.33857421875 2 0.066171875 0.33466796875 2 0.0 0.0 0.0 0.0 0.0 0.0 0.0 0.0 0.0 0.0 0.0 0.0
