0 0.923828125 0.46044921875 0.06171875 0.0810546875 0.9081179687500001 0.4844423828125 2 0.9121390625 0.464701171875 2 0.9160632812499999 0.4429990234375 2 0.9251851562500001 0.421173828125 2 0.937446875 0.4865263671875 2 0.93440546875 0.46482421875 2 0.9317570312499999 0.4436123046875 2 0.0 0.0 0.0 0.0 0.0 0.0 0.0 0.0 0.0 0.0 0.0 0.0
0 0.651953125 0.5478515625 0.07890625 0.111328125 0.6309109375 0.579419921875 2 0.63446171875 0.550236328125 2 0.6385828124999999 0.5242099609375 2 0.6488109375 0.4945703125 2 0.66717578125 0.5800009765625 2 0.6634562500000001 0.550943359375 2 0.6592109374999999 0.5245263671875 2 0.0 0.0 0.0 0.0 0.0 0.0 0.0 0.0 0.0 0.0 0.0 0.0
0 0.38984375 0.6775888671875 0.1109375 0.163771484375 0.36334374999999997 0.7229677734375 2 0.36523125 0.678859375 2 0.3703984375 0.6404462890625 2 0.3823640625 0.5979541015625 2 0.41363828125 0.7182919921875 2 0.40541953125 0.6782177734375 2 0.398678125 0.6418955078125 2 0.0 0.0 0.0 0.0 0.0 0.0 0.0 0.0 0.0 0.0 0.0 0.0
0 0.970703125 0.396560546875 0.03984375 0.05679296875 0.95931328125 0.414314453125 2 0.9623640625000001 0.3993701171875 2 0.96508515625 0.3836015625 2 0.972340625 0.368451171875 2 0.9812453124999999 0.4154482421875 2 0.9788546874999999 0.3999892578125 2 0.9772875000000001 0.384220703125 2 0.0 0.0 0.0 0.0 0.0 0.0 0.0 0.0 0.0 0.0 0.0 0.0
0 0.176953125 0.38525390625 0.02421875 0.0361328125 0.16959140625 0.3966728515625 2 0.170990625 0.387123046875 2 0.17206640625 0.3771689453125 2 0.1748640625 0.3676181640625 2 0.1832578125 0.3968076171875 2 0.18110546875 0.3865849609375 2 0.17906093750000002 0.376630859375 2 0.0 0.0 0.0 0.0 0.0 0.0 0.0 0.0 0.0 0.0 0.0 0.0
1 0.094140625 0.36572265625 0.01640625 0.0263671875 0.08942265625 0.37582421875 2 0.0897453125 0.3677529296875 2 0.09049921875 0.3604892578125 2 0.09275859374999999 0.353763671875 2 0.09996875 0.37649609375 2 0.09684765625 0.3678876953125 2 0.0960109375 0.3603505859375 2 0.0 0.0 0.0 0.0 0.0 0.0 0.0 0.0 0.0 0.0 0.0 0.0
1 0.18984375 0.3525390625 0.0140625 0.0234375 0.18605546875 0.3603544921875 2 0.1867015625 0.3543017578125 2 0.1872390625 0.3473076171875 2 0.189534375 0.34084375 2 0.19401875 0.360220703125 2 0.19272734375 0.354033203125 2 0.19186640625 0.3473076171875 2 0.0 0.0 0.0 0.0 0.0 0.0 0.0 0.0 0.0 0.0 0.0 0.0
1 0.2703125 0.34033203125 0.0125 0.0205078125 0.26708515625 0.34676953125 2 0.26783828125000003 0.3421962890625 2 0.2681609375 0.336142578125 2 0.27015078125 0.330330078125 2 0.2741875 0.3465 2 0.27300390625 0.34246484375 2 0.27203515624999997 0.33627734375 2 0.0 0.0 0.0 0.0 0.0 0.0 0.0 0.0 0.0 0.0 0.0 0.0
0 0.288351171875 0.3616845703125 0.020452343749999997 0.031962890625 0.28333359375 0.3740751953125 2 0.28441015625 0.36412109375 2 0.28494765625 0.3561845703125 2 0.28763828125 0.3474423828125 2 0.2953859375 0.3739404296875 2 0.29248046875 0.36412109375 2 0.29172734375 0.3565888671875 2 0.0 0.0 0.0 0.0 0.0 0.0 0.0 0.0 0.0 0.0 0.0 0.0
0 0.3725046875 0.34819775390625 0.016884375 0.0264736328125 0.36843593750000003 0.3585537109375 2 0.36863125 0.350501953125 2 0.36960703125 0.3439140625 2 0.3726328125 0.3353740234375 2 0.37751250000000003 0.3585537109375 2 0.37634140625 0.3501357421875 2 0.3751703125 0.343669921875 2 0.0 0.0 0.0 0.0 0.0 0.0 0.0 0.0 0.0 0.0 0.0 0.0
1 0.35069296875 0.33020263671875 0.0154484375 0.0197802734375 0.346484375 0.33671875 2 0.34734375 0.33193359375 2 0.34750000000000003 0.3267578125 2 0.349140625 0.32099609375 2 0.354375 0.33671875 2 0.352421875 0.33154296875 2 0.35171874999999997 0.3267578125 2 0.0 0.0 0.0 0.0 0.0 0.0 0.0 0.0 0.0 0.0 0.0 0.0
