1 0.794140625 0.3095703125 0.01328125 0.021484375 0.790625 0.31748046875 2 0.79171875 0.31142578125 2 0.7926859375 0.3059150390625 2 0.7946093750000001 0.29990234375 2 0.79851171875 0.3175400390625 2 0.797871875 0.311328125 2 0.7968773437500001 0.306091796875 2 0.0 0.0 0.0 0.0 0.0 0.0 0.0 0.0 0.0 0.0 0.0 0.0
0 0.839453125 0.32022314453125 0.01640625 0.0271650390625 0.8341625 0.329671875 2 0.8350625 0.3228056640625 2 0.8365039062499999 0.3152646484375 2 0.83877734375 0.3083173828125 2 0.8428968749999999 0.330234375 2 0.84226640625 0.322580078125 2 0.84109609375 0.3152529296875 2 0.0 0.0 0.0 0.0 0.0 0.0 0.0 0.0 0.0 0.0 0.0 0.0
1 0.949609375 0.30517578125 0.01328125 0.0205078125 0.9457109375 0.312650390625 2 0.94663125 0.307052734375 2 0.9473750000000001 0.3008203125 2 0.94927265625 0.29516015625 2 0.95260234375 0.3123837890625 2 0.9520476562500001 0.307052734375 2 0.9510632812500001 0.3008974609375 2 0.0 0.0 0.0 0.0 0.0 0.0 0.0 0.0 0.0 0.0 0.0 0.0
0 0.757421875 0.42724609375 0.04453125 0.0654296875 0.74682578125 0.4496044921875 2 0.74938359375 0.4312705078125 2 0.7526242187500001 0.413576171875 2 0.7579109374999999 0.3956689453125 2 0.7679734375 0.4498173828125 2 0.76622734375 0.431419921875 2 0.76285 0.4136376953125 2 0.0 0.0 0.0 0.0 0.0 0.0 0.0 0.0 0.0 0.0 0.0 0.0
0 0.98203125 0.396484375 0.0359375 0.05859375 0.9728515625 0.41570703125 2 0.97539765625 0.4015009765625 2 0.9788585937500001 0.38419140625 2 0.98447265625 0.36892578125 2 0.99376484375 0.41665234375 2 0.991859375 0.400634765625 2 0.9904804687500001 0.3848076171875 2 0.0 0.0 0.0 0.0 0.0 0.0 0.0 0.0 0.0 0.0 0.0 0.0
0 0.403515625 0.50244140625 0.05859375 0.0888671875 0.38994140625 0.533259765625 2 0.39194921875 0.5083359375 2 0.39449140625 0.4839140625 2 0.40158359375 0.46049609375 2 0.41884609375000004 0.5315869140625 2 0.41416250000000004 0.5071650390625 2 0.40996796875 0.4838701171875 2 0.0 0.0 0.0 0.0 0.0 0.0 0.0 0.0 0.0 0.0 0.0 0.0
0 0.059375 0.71533203125 0.1078125 0.1650390625 0.0314640625 0.7636552734375 2 0.035584375 0.720580078125 2 0.038018750000000004 0.6800791015625 2 0.049817968750000004 0.634896484375 2 0.0885859375 0.758271484375 2 0.07959609375 0.713322265625 2 0.0698578125 0.675865234375 2 0.0 0.0 0.0 0.0 0.0 0.0 0.0 0.0 0.0 0.0 0.0 0.0
1 0.655078125 0.314453125 0.01171875 0.01953125 0.651953125 0.32197265625 2 0.653046875 0.31630859375 2 0.653828125 0.310546875 2 0.655390625 0.3046875 2 0.658671875 0.321875 2 0.6576562499999999 0.31669921875 2 0.65703125 0.310546875 2 0.0 0.0 0.0 0.0 0.0 0.0 0.0 0.0 0.0 0.0 0.0 0.0
0 0.719921875 0.3232421875 0.01640625 0.025390625 0.7153343750000001 0.33240625 2 0.716234375 0.3255400390625 2 0.71767578125 0.3179990234375 2 0.71994921875 0.3110517578125 2 0.72406875 0.33296875 2 0.72343828125 0.3253154296875 2 0.72188359375 0.317943359375 2 0.0 0.0 0.0 0.0 0.0 0.0 0.0 0.0 0.0 0.0 0.0 0.0
0 0.633203125 0.3251953125 0.01640625 0.025390625 0.62789453125 0.3336162109375 2 0.62879453125 0.3267509765625 2 0.63023515625 0.3192099609375 2 0.6325093749999999 0.3122626953125 2 0.63656796875 0.3337802734375 2 0.6359984375 0.326525390625 2 0.63444375 0.3191533203125 2 0.0 0.0 0.0 0.0 0.0 0.0 0.0 0.0 0.0 0.0 0.0 0.0
0 0.633203125 0.3251953125 0.01640625 0.025390625 0.62789453125 0.3336162109375 2 0.62879453125 0.3267509765625 2 0.63023515625 0.3192099609375 2 0.6325093749999999 0.3122626953125 2 0.63656796875 0.3337802734375 2 0.6359984375 0.326525390625 2 0.63444375 0.3191533203125 2 0.0 0.0 0.0 0.0 0.0 0.0 0.0 0.0 0.0 0.0 0.0 0.0
0 0.466796875 0.3310546875 0.01640625 0.025390625 0.4619234375 0.33958203125 2 0.46282421874999996 0.3327158203125 2 0.46426484375 0.3251748046875 2 0.4665390625 0.3182275390625 2 0.47059765625 0.3397451171875 2 0.47002734375 0.3324912109375 2 0.4684734375 0.325119140625 2 0.0 0.0 0.0 0.0 0.0 0.0 0.0 0.0 0.0 0.0 0.0 0.0
