0 0.59765625 0.5009765625 0.0625 0.08984375 0.5835179687500001 0.5303388671875 2 0.587728125 0.5055888671875 2 0.589671875 0.4835244140625 2 0.5976203124999999 0.4578056640625 2 0.6125875 0.5320625 2 0.60900390625 0.5058916015625 2 0.60501328125 0.4819697265625 2 0.0 0.0 0.0 0.0 0.0 0.0 0.0 0.0 0.0 0.0 0.0 0.0
0 0.256640625 0.71826171875 0.12109375 0.1728515625 0.2243796875 0.768150390625 2 0.23297500000000002 0.72244140625 2 0.2390921875 0.6812529296875 2 0.25216015625 0.6370478515625 2 0.2881828125 0.7642763671875 2 0.275853125 0.720154296875 2 0.2683578125 0.6799609375 2 0.0 0.0 0.0 0.0 0.0 0.0 0.0 0.0 0.0 0.0 0.0 0.0
0 0.27421875 0.3896484375 0.025 0.0390625 0.268203125 0.40361328125 2 0.2690625 0.39248046875 2 0.269765625 0.381640625 2 0.2734375 0.3705078125 2 0.28140624999999997 0.403125 2 0.2790625 0.392578125 2 0.27759296875 0.381232421875 2 0.0 0.0 0.0 0.0 0.0 0.0 0.0 0.0 0.0 0.0 0.0 0.0
0 0.40859375 0.376318359375 0.0234375 0.03583984375 0.40335937499999996 0.389453125 2 0.40437500000000004 0.37861328125 2 0.40554687500000003 0.36865234375 2 0.40859375 0.358984375 2 0.415625 0.38955078125 2 0.41328125 0.378515625 2 0.41187500000000005 0.36845703125 2 0.0 0.0 0.0 0.0 0.0 0.0 0.0 0.0 0.0 0.0 0.0 0.0
0 0.5609375 0.37109375 0.0234375 0.037109375 0.5552343750000001 0.38349609375 2 0.55640625 0.373828125 2 0.55734375 0.3634765625 2 0.56078125 0.35302734375 2 0.566875 0.38349609375 2 0.5658593749999999 0.37373046875 2 0.5646093750000001 0.363671875 2 0.0 0.0 0.0 0.0 0.0 0.0 0.0 0.0 0.0 0.0 0.0 0.0
1 0.503125 0.34521484375 0.0171875 0.0283203125 0.49929687500000003 0.35517578125 2 0.4996875 0.347265625 2 0.500859375 0.3396484375 2 0.5032453125 0.3314296875 2 0.50859375 0.35517578125 2 0.50703125 0.347265625 2 0.50578125 0.339453125 2 0.0 0.0 0.0 0.0 0.0 0.0 0.0 0.0 0.0 0.0 0.0 0.0
0 0.11875 0.41552734375 0.0328125 0.0458984375 0.1109375 0.4298828125 2 0.112265625 0.41865234375 2 0.113359375 0.4056640625 2 0.11687499999999999 0.3927734375 2 0.127109375 0.430078125 2 0.125 0.4189453125 2 0.1223390625 0.405330078125 2 0.0 0.0 0.0 0.0 0.0 0.0 0.0 0.0 0.0 0.0 0.0 0.0
0 0.6953125 0.435546875 0.040625 0.0625 0.6859703125000001 0.4553173828125 2 0.6891765624999999 0.43775 2 0.69285546875 0.4212451171875 2 0.6979484375 0.4047392578125 2 0.70756875 0.4553173828125 2 0.70436171875 0.437986328125 2 0.7020039062500001 0.42136328125 2 0.0 0.0 0.0 0.0 0.0 0.0 0.0 0.0 0.0 0.0 0.0 0.0
1 0.312890625 0.35986328125 0.01953125 0.0302734375 0.308359375 0.37021484375 2 0.30929687499999997 0.3623046875 2 0.309921875 0.3544921875 2 0.312265625 0.3451171875 2 0.31828124999999996 0.3703125 2 0.316640625 0.36171875 2 0.315390625 0.3546875 2 0.0 0.0 0.0 0.0 0.0 0.0 0.0 0.0 0.0 0.0 0.0 0.0
1 0.1259765625 0.37626953125 0.020703125 0.0337890625 0.120234375 0.38759765625 2 0.121171875 0.37841796875 2 0.12156249999999999 0.37001953125 2 0.12453125000000001 0.36025390625 2 0.13203125 0.38759765625 2 0.1296875 0.37841796875 2 0.12734375 0.369921875 2 0.0 0.0 0.0 0.0 0.0 0.0 0.0 0.0 0.0 0.0 0.0 0.0
1 0.940625 0.34521484375 0.0234375 0.0361328125 0.934609375 0.3564453125 2 0.9360937500000001 0.34794921875 2 0.9375 0.33916015625 2 0.94109375 0.327734375 2 0.946875 0.35673828125 2 0.944921875 0.34794921875 2 0.944375 0.3390625 2 0.0 0.0 0.0 0.0 0.0 0.0 0.0 0.0 0.0 0.0 0.0 0.0
1 0.7875 0.340576171875 0.01875 0.03076171875 0.7828125 0.34990234375 2 0.7835156249999999 0.34208984375 2 0.7848437500000001 0.334765625 2 0.787890625 0.32509765625 2 0.7926562500000001 0.35048828125 2 0.7913281249999999 0.3419921875 2 0.790390625 0.33466796875 2 0.0 0.0 0.0 0.0 0.0 0.0 0.0 0.0 0.0 0.0 0.0 0.0
0 0.72578125 0.39820166015625 0.03125 0.0503095703125 0.7172835937500001 0.4161748046875 2 0.7192640625 0.4021455078125 2 0.7213390625 0.3883515625 2 0.72529453125 0.3746953125 2 0.73463828125 0.41629296875 2 0.7328984375 0.402759765625 2 0.73045859375 0.3879072265625 2 0.0 0.0 0.0 0.0 0.0 0.0 0.0 0.0 0.0 0.0 0.0 0.0
1 0.647265625 0.34033203125 0.01796875 0.0283203125 0.6421875 0.35029296875 2 0.64328125 0.34287109375 2 0.6442187500000001 0.33525390625 2 0.647109375 0.32705078125 2 0.65140625 0.35048828125 2 0.6502343749999999 0.34267578125 2 0.6490625 0.33505859375 2 0.0 0.0 0.0 0.0 0.0 0.0 0.0 0.0 0.0 0.0 0.0 0.0
0 0.69708671875 0.37855224609375 0.0222984375 0.0422607421875 0.6896875 0.3935546875 2 0.6910406250000001 0.381310546875 2 0.69288359375 0.369056640625 2 0.69649609375 0.35865234375 2 0.7032812500000001 0.39404296875 2 0.7018359375000001 0.382208984375 2 0.69979375 0.3686640625 2 0.0 0.0 0.0 0.0 0.0 0.0 0.0 0.0 0.0 0.0 0.0 0.0
