0 0.22734375 0.77943017578125 0.140625 0.2033916015625 0.19521953125 0.832720703125 2 0.2012921875 0.784083984375 2 0.20638203125 0.738333984375 2 0.2192796875 0.6805654296875 2 0.2629171875 0.8242861328125 2 0.24987265625 0.7759306640625 2 0.24020156250000002 0.73123046875 2 0.0 0.0 0.0 0.0 0.0 0.0 0.0 0.0 0.0 0.0 0.0 0.0
0 0.533203125 0.46923828125 0.04765625 0.0771484375 0.521753125 0.4941826171875 2 0.52489375 0.4734013671875 2 0.52745390625 0.4544775390625 2 0.5330484375 0.431685546875 2 0.5470015625 0.49438671875 2 0.54422265625 0.4754775390625 2 0.54097421875 0.4536630859375 2 0.0 0.0 0.0 0.0 0.0 0.0 0.0 0.0 0.0 0.0 0.0 0.0
0 0.6390625 0.4052734375 0.034375 0.0546875 0.631484375 0.4244140625 2 0.633671875 0.4083984375 2 0.6359375 0.39375 2 0.640390625 0.37880859375 2 0.64992578125 0.4250791015625 2 0.64796328125 0.4088466796875 2 0.6450781250000001 0.39365234375 2 0.0 0.0 0.0 0.0 0.0 0.0 0.0 0.0 0.0 0.0 0.0 0.0
0 0.686328125 0.3687958984375 0.02578125 0.042279296875 0.680546875 0.38369140625 2 0.682109375 0.37236328125 2 0.683828125 0.36064453125 2 0.6875734375 0.3485029296875 2 0.6947656249999999 0.38369140625 2 0.692734375 0.37294921875 2 0.690703125 0.3603515625 2 0.0 0.0 0.0 0.0 0.0 0.0 0.0 0.0 0.0 0.0 0.0 0.0
0 0.71796875 0.348974609375 0.0203125 0.03388671875 0.712265625 0.3591796875 2 0.7134375000000001 0.35068359375 2 0.715078125 0.34208984375 2 0.7178265625 0.332564453125 2 0.723671875 0.35966796875 2 0.7221093749999999 0.35068359375 2 0.72140625 0.3421875 2 0.0 0.0 0.0 0.0 0.0 0.0 0.0 0.0 0.0 0.0 0.0 0.0
0 0.733984375 0.333349609375 0.01640625 0.02802734375 0.7299218749999999 0.3439453125 2 0.730859375 0.33671875 2 0.73171875 0.3287109375 2 0.734375 0.3205078125 2 0.7385937499999999 0.34365234375 2 0.7379687500000001 0.33662109375 2 0.73671875 0.32861328125 2 0.0 0.0 0.0 0.0 0.0 0.0 0.0 0.0 0.0 0.0 0.0 0.0
1 0.948828125 0.31884765625 0.01484375 0.0244140625 0.9448437500000001 0.3275390625 2 0.9465625 0.32080078125 2 0.9475 0.3134765625 2 0.94984375 0.30693359375 2 0.9535937499999999 0.3271484375 2 0.952734375 0.320703125 2 0.9517187500000001 0.3134765625 2 0.0 0.0 0.0 0.0 0.0 0.0 0.0 0.0 0.0 0.0 0.0 0.0
1 0.9265625 0.30703125 0.0109375 0.0203125 0.9234375 0.3146484375 2 0.92453125 0.30927734375 2 0.925 0.3037109375 2 0.926796875 0.2982421875 2 0.9295312499999999 0.3146484375 2 0.9290625 0.3091796875 2 0.928378125 0.3035263671875 2 0.0 0.0 0.0 0.0 0.0 0.0 0.0 0.0 0.0 0.0 0.0 0.0
1 0.9328125 0.3119140625 0.0109375 0.0203125 0.9302343750000001 0.3189453125 2 0.930703125 0.31318359375 2 0.93142734375 0.30779296875 2 0.933359375 0.3025390625 2 0.9365625 0.3193359375 2 0.9359375 0.3134765625 2 0.934940625 0.3078232421875 2 0.0 0.0 0.0 0.0 0.0 0.0 0.0 0.0 0.0 0.0 0.0 0.0
0 0.426953125 0.3369140625 0.01171875 0.021484375 0.423046875 0.3447265625 2 0.42421875 0.33779296875 2 0.42490859375 0.331734375 2 0.426953125 0.3265625 2 0.430859375 0.34384765625 2 0.42960937499999996 0.33759765625 2 0.428828125 0.33154296875 2 0.0 0.0 0.0 0.0 0.0 0.0 0.0 0.0 0.0 0.0 0.0 0.0
1 0.39921875 0.32568359375 0.0109375 0.0185546875 0.395859375 0.33154296875 2 0.39664062499999997 0.3265625 2 0.396953125 0.32197265625 2 0.3984375 0.31650390625 2 0.401875 0.33134765625 2 0.40078125 0.3267578125 2 0.400078125 0.321875 2 0.0 0.0 0.0 0.0 0.0 0.0 0.0 0.0 0.0 0.0 0.0 0.0
1 0.359765625 0.33056640625 0.01171875 0.0205078125 0.3565625 0.3361328125 2 0.3571875 0.33154296875 2 0.357734375 0.32666015625 2 0.35970625 0.32071484375 2 0.362890625 0.33642578125 2 0.361640625 0.33115234375 2 0.361328125 0.32685546875 2 0.0 0.0 0.0 0.0 0.0 0.0 0.0 0.0 0.0 0.0 0.0 0.0
0 0.36875 0.34248046875 0.0140625 0.0228515625 0.364765625 0.350390625 2 0.365859375 0.34462890625 2 0.3665625 0.33798828125 2 0.368515625 0.33125 2 0.37265625 0.350390625 2 0.371640625 0.3447265625 2 0.370859375 0.337890625 2 0.0 0.0 0.0 0.0 0.0 0.0 0.0 0.0 0.0 0.0 0.0 0.0
1 0.294140625 0.3369140625 0.01328125 0.021484375 0.290390625 0.34404296875 2 0.29140625 0.338671875 2 0.29203125 0.33310546875 2 0.29390625 0.32646484375 2 0.298359375 0.3443359375 2 0.296875 0.33857421875 2 0.2959375 0.3330078125 2 0.0 0.0 0.0 0.0 0.0 0.0 0.0 0.0 0.0 0.0 0.0 0.0
0 0.25546875 0.35205078125 0.015625 0.0263671875 0.251640625 0.3609375 2 0.2521875 0.353515625 2 0.25296875 0.34638671875 2 0.254921875 0.33896484375 2 0.260390625 0.3609375 2 0.25906250000000003 0.35361328125 2 0.25756640625 0.3460615234375 2 0.0 0.0 0.0 0.0 0.0 0.0 0.0 0.0 0.0 0.0 0.0 0.0
1 0.219921875 0.34375 0.01328125 0.021484375 0.21625 0.35009765625 2 0.216875 0.34443359375 2 0.21742187500000001 0.3388671875 2 0.21953125 0.33271484375 2 0.22421875 0.350390625 2 0.22234375 0.34443359375 2 0.22164062499999998 0.3388671875 2 0.0 0.0 0.0 0.0 0.0 0.0 0.0 0.0 0.0 0.0 0.0 0.0
0 0.126953125 0.36767578125 0.01953125 0.0302734375 0.1221875 0.37734375 2 0.12273437499999999 0.3693359375 2 0.12351562499999999 0.36171875 2 0.12640625 0.35302734375 2 0.131953125 0.37734375 2 0.130546875 0.3689453125 2 0.129296875 0.36142578125 2 0.0 0.0 0.0 0.0 0.0 0.0 0.0 0.0 0.0 0.0 0.0 0.0
1 0.1046875 0.3525390625 0.0140625 0.0234375 0.100859375 0.3595703125 2 0.101171875 0.35390625 2 0.10203124999999999 0.3478515625 2 0.10382812500000001 0.341015625 2 0.10906249999999999 0.35986328125 2 0.10765625000000001 0.3537109375 2 0.106328125 0.34755859375 2 0.0 0.0 0.0 0.0 0.0 0.0 0.0 0.0 0.0 0.0 0.0 0.0
1 0.9734375 0.328076171875 0.01875 0.02919921875 0.9682812500000001 0.3388671875 2 0.97 0.33056640625 2 0.9711718749999999 0.32314453125 2 0.9747656250000001 0.31396484375 2 0.9789843749999999 0.33837890625 2 0.9775 0.33017578125 2 0.976796875 0.32333984375 2 0.0 0.0 0.0 0.0 0.0 0.0 0.0 0.0 0.0 0.0 0.0 0.0
