0 0.383984375 0.32470703125 0.01171875 0.0205078125 0.380859375 0.331640625 2 0.381875 0.326171875 2 0.382265625 0.32099609375 2 0.38404609375 0.314841796875 2 0.387109375 0.3318359375 2 0.38664062499999996 0.3263671875 2 0.38578125 0.32109375 2 0.0 0.0 0.0 0.0 0.0 0.0 0.0 0.0 0.0 0.0 0.0 0.0
0 0.34765625 0.32275390625 0.0109375 0.0185546875 0.344609375 0.32822265625 2 0.345703125 0.3232421875 2 0.346328125 0.31875 2 0.34727109375 0.3137119140625 2 0.350546875 0.32841796875 2 0.34968750000000004 0.3234375 2 0.348984375 0.31875 2 0.0 0.0 0.0 0.0 0.0 0.0 0.0 0.0 0.0 0.0 0.0 0.0
0 0.413671875 0.329443359375 0.01328125 0.02216796875 0.4103125 0.33720703125 2 0.41085937499999997 0.33115234375 2 0.411953125 0.325390625 2 0.413584375 0.3185478515625 2 0.4175 0.33701171875 2 0.416875 0.33134765625 2 0.416015625 0.32529296875 2 0.0 0.0 0.0 0.0 0.0 0.0 0.0 0.0 0.0 0.0 0.0 0.0
1 0.846484375 0.326171875 0.02109375 0.033203125 0.840234375 0.3384765625 2 0.8412499999999999 0.32880859375 2 0.843125 0.319921875 2 0.8461132812500001 0.309728515625 2 0.8515625 0.33798828125 2 0.85078125 0.32890625 2 0.8491406250000001 0.3201171875 2 0.0 0.0 0.0 0.0 0.0 0.0 0.0 0.0 0.0 0.0 0.0 0.0
1 0.9765625 0.3486328125 0.03125 0.044921875 0.96726171875 0.364033203125 2 0.9700398437500001 0.352193359375 2 0.971934375 0.34051171875 2 0.97584921875 0.3283564453125 2 0.98456328125 0.364349609375 2 0.9819117187499999 0.3517197265625 2 0.98052265625 0.3409853515625 2 0.0 0.0 0.0 0.0 0.0 0.0 0.0 0.0 0.0 0.0 0.0 0.0
0 0.51953125 0.36083984375 0.021875 0.0361328125 0.514296875 0.37314453125 2 0.515890625 0.363693359375 2 0.516328125 0.3536240234375 2 0.5190875 0.3432197265625 2 0.526953125 0.37294921875 2 0.52452578125 0.3635185546875 2 0.5228125 0.3538193359375 2 0.0 0.0 0.0 0.0 0.0 0.0 0.0 0.0 0.0 0.0 0.0 0.0
0 0.46015625 0.336962890625 0.015625 0.02744140625 0.45609374999999996 0.346484375 2 0.4565625 0.33876953125 2 0.45703125 0.3326171875 2 0.45906250000000004 0.32431640625 2 0.4640625 0.3458984375 2 0.463046875 0.3390625 2 0.46187500000000004 0.33271484375 2 0.0 0.0 0.0 0.0 0.0 0.0 0.0 0.0 0.0 0.0 0.0 0.0
0 0.494921875 0.34668603515625 0.01796875 0.0312626953125 0.49031250000000004 0.35654296875 2 0.4915625 0.3482421875 2 0.4921875 0.34052734375 2 0.4947203125 0.331484375 2 0.500390625 0.3572265625 2 0.4988984375 0.3483720703125 2 0.49764453125 0.3408857421875 2 0.0 0.0 0.0 0.0 0.0 0.0 0.0 0.0 0.0 0.0 0.0 0.0
0 0.5481640624999999 0.3884765625 0.029140624999999996 0.046484375 0.541875 0.4041015625 2 0.54375 0.39169921875 2 0.5446093750000001 0.37939453125 2 0.5482812499999999 0.3666015625 2 0.55671875 0.4041015625 2 0.5548437500000001 0.39150390625 2 0.55238359375 0.3787470703125 2 0.0 0.0 0.0 0.0 0.0 0.0 0.0 0.0 0.0 0.0 0.0 0.0
0 0.563671875 0.44384765625 0.04140625 0.0634765625 0.55369375 0.463103515625 2 0.55572421875 0.44702734375 2 0.55781328125 0.4310693359375 2 0.56344609375 0.412962890625 2 0.575128125 0.4628212890625 2 0.57285546875 0.4462158203125 2 0.56965234375 0.429501953125 2 0.0 0.0 0.0 0.0 0.0 0.0 0.0 0.0 0.0 0.0 0.0 0.0
0 0.52109375 0.5419921875 0.0640625 0.10546875 0.5049578125 0.5728154296875 2 0.50929765625 0.5451435546875 2 0.5133062500000001 0.5189462890625 2 0.52186171875 0.4907666015625 2 0.53788046875 0.5724306640625 2 0.535053125 0.5443583984375 2 0.53081328125 0.5180537109375 2 0.0 0.0 0.0 0.0 0.0 0.0 0.0 0.0 0.0 0.0 0.0 0.0
0 0.310356640625 0.77801708984375 0.13008828125 0.2025185546875 0.27842578125 0.8320068359375 2 0.28451796875 0.7843427734375 2 0.2876765625 0.7366787109375 2 0.301790625 0.6779990234375 2 0.344084375 0.8235458984375 2 0.3334796875 0.774189453125 2 0.32197265625 0.7296279296875 2 0.0 0.0 0.0 0.0 0.0 0.0 0.0 0.0 0.0 0.0 0.0 0.0
