0 0.320703125 0.68490283203125 0.10859375 0.1588681640625 0.29355390625 0.72765625 2 0.298084375 0.68952734375 2 0.30095312500000004 0.65083203125 2 0.31227890625 0.6068515625 2 0.3467078125 0.7246357421875 2 0.33764765625000004 0.686318359375 2 0.32964453125 0.648189453125 2 0.0 0.0 0.0 0.0 0.0 0.0 0.0 0.0 0.0 0.0 0.0 0.0
0 0.294921875 0.396533203125 0.02890625 0.04501953125 0.288125 0.4130859375 2 0.288828125 0.401171875 2 0.290078125 0.3876953125 2 0.2940625 0.3751953125 2 0.303046875 0.41328125 2 0.3015625 0.40048828125 2 0.29859375 0.3876953125 2 0.0 0.0 0.0 0.0 0.0 0.0 0.0 0.0 0.0 0.0 0.0 0.0
0 0.478515625 0.39042529296875 0.03046875 0.0464755859375 0.4711484375 0.406421875 2 0.47273750000000003 0.3934599609375 2 0.47399218750000005 0.3814384765625 2 0.47742031249999994 0.3685810546875 2 0.48678671875 0.406630859375 2 0.48452890625 0.3932509765625 2 0.48218750000000005 0.38115234375 2 0.0 0.0 0.0 0.0 0.0 0.0 0.0 0.0 0.0 0.0 0.0 0.0
1 0.765625 0.34814453125 0.0234375 0.0361328125 0.75984375 0.360546875 2 0.76125 0.35048828125 2 0.7620312499999999 0.34033203125 2 0.7653867187500001 0.330326171875 2 0.772265625 0.36083984375 2 0.7703125 0.35009765625 2 0.769140625 0.340625 2 0.0 0.0 0.0 0.0 0.0 0.0 0.0 0.0 0.0 0.0 0.0 0.0
0 0.65 0.44113037109375 0.04375 0.0678076171875 0.63817265625 0.4653701171875 2 0.6406632812499999 0.4457646484375 2 0.64259296875 0.4271201171875 2 0.6483726562500001 0.4092705078125 2 0.66112265625 0.4649443359375 2 0.65773046875 0.4455146484375 2 0.6548328125 0.426908203125 2 0.0 0.0 0.0 0.0 0.0 0.0 0.0 0.0 0.0 0.0 0.0 0.0
1 0.9453125 0.3574853515625 0.028125 0.043095703125 0.937109375 0.37099609375 2 0.938828125 0.35986328125 2 0.9410281250000001 0.348408203125 2 0.9450539062500001 0.336759765625 2 0.9520312499999999 0.3716796875 2 0.950859375 0.358984375 2 0.9492968749999999 0.34853515625 2 0.0 0.0 0.0 0.0 0.0 0.0 0.0 0.0 0.0 0.0 0.0 0.0
0 0.6311328125 0.404150390625 0.034140625 0.05244140625 0.622578125 0.4234375 2 0.6242328125000001 0.407783203125 2 0.6259328125 0.3935458984375 2 0.6309546874999999 0.3789853515625 2 0.63984375 0.42333984375 2 0.6378328125 0.4082080078125 2 0.63552890625 0.3934228515625 2 0.0 0.0 0.0 0.0 0.0 0.0 0.0 0.0 0.0 0.0 0.0 0.0
1 0.4421875 0.353271484375 0.0203125 0.03076171875 0.436875 0.3638671875 2 0.43804687500000006 0.35439453125 2 0.43875156249999997 0.3473466796875 2 0.44125 0.33779296875 2 0.446953125 0.363671875 2 0.44546875 0.3546875 2 0.44421875 0.34736328125 2 0.0 0.0 0.0 0.0 0.0 0.0 0.0 0.0 0.0 0.0 0.0 0.0
1 0.2125 0.3720703125 0.021875 0.03515625 0.207265625 0.38466796875 2 0.208203125 0.3744140625 2 0.208828125 0.3662109375 2 0.21171875 0.3548828125 2 0.219296875 0.38447265625 2 0.21703125 0.37431640625 2 0.21531250000000002 0.36611328125 2 0.0 0.0 0.0 0.0 0.0 0.0 0.0 0.0 0.0 0.0 0.0 0.0
1 0.605859375 0.347119140625 0.02109375 0.03408203125 0.6 0.3591796875 2 0.600859375 0.35 2 0.6015625 0.34111328125 2 0.604375 0.3314453125 2 0.6109375 0.3587890625 2 0.6090625000000001 0.3486328125 2 0.60828125 0.34111328125 2 0.0 0.0 0.0 0.0 0.0 0.0 0.0 0.0 0.0 0.0 0.0 0.0
0 0.575 0.5126953125 0.0578125 0.09375 0.55844375 0.5401689453125 2 0.563109375 0.5141865234375 2 0.56615703125 0.4915361328125 2 0.5751039062500001 0.4660078125 2 0.5897234375 0.540806640625 2 0.58649375 0.5157314453125 2 0.5829234375000001 0.4915068359375 2 0.0 0.0 0.0 0.0 0.0 0.0 0.0 0.0 0.0 0.0 0.0 0.0
0 0.117578125 0.41669921875 0.03203125 0.0501953125 0.110390625 0.43359375 2 0.111171875 0.42021484375 2 0.11195312500000001 0.4072265625 2 0.115390625 0.39306640625 2 0.126796875 0.43310546875 2 0.12359374999999999 0.42001953125 2 0.12109375 0.40712890625 2 0.0 0.0 0.0 0.0 0.0 0.0 0.0 0.0 0.0 0.0 0.0 0.0
