1 0.822265625 0.3896484375 0.03671875 0.052734375 0.81268046875 0.4075830078125 2 0.8160867187499999 0.3935439453125 2 0.8182960937500001 0.3800810546875 2 0.82363515625 0.3645458984375 2 0.83219609375 0.4086181640625 2 0.8295265625000001 0.393314453125 2 0.82786953125 0.3799658203125 2 0.0 0.0 0.0 0.0 0.0 0.0 0.0 0.0 0.0 0.0 0.0 0.0
1 0.69140625 0.36328125 0.0234375 0.0390625 0.6853125 0.3765625 2 0.687109375 0.36533203125 2 0.688359375 0.3560546875 2 0.692265625 0.344921875 2 0.698125 0.376953125 2 0.6959375 0.365234375 2 0.694609375 0.35625 2 0.0 0.0 0.0 0.0 0.0 0.0 0.0 0.0 0.0 0.0 0.0 0.0
1 0.688671875 0.34423828125 0.01953125 0.0322265625 0.68296875 0.35498046875 2 0.684609375 0.346484375 2 0.68546875 0.3384765625 2 0.68809453125 0.32953515625 2 0.69296875 0.35498046875 1 0.6919531250000001 0.34697265625 1 0.691171875 0.338671875 2 0.0 0.0 0.0 0.0 0.0 0.0 0.0 0.0 0.0 0.0 0.0 0.0
1 0.666015625 0.33154296875 0.01640625 0.0283203125 0.661171875 0.341015625 2 0.6622656250000001 0.33310546875 2 0.6634375 0.32685546875 2 0.66590234375 0.3190458984375 2 0.6702343749999999 0.34111328125 2 0.668671875 0.33310546875 2 0.668046875 0.3271484375 2 0.0 0.0 0.0 0.0 0.0 0.0 0.0 0.0 0.0 0.0 0.0 0.0
0 0.05859375 0.352685546875 0.0140625 0.02373046875 0.054609375 0.36162109375 2 0.055078125 0.35517578125 2 0.05546875 0.34921875 2 0.0571875 0.34189453125 2 0.06265625 0.36142578125 2 0.06109375 0.3552734375 2 0.059765625 0.34892578125 2 0.0 0.0 0.0 0.0 0.0 0.0 0.0 0.0 0.0 0.0 0.0 0.0
0 0.5494921875000001 0.318798828125 0.011484375 0.01845703125 0.54635390625 0.324134765625 2 0.5470335937499999 0.3192578125 2 0.54777578125 0.3141318359375 2 0.5493328125 0.3087744140625 2 0.552734375 0.32421875 2 0.55140625 0.31953125 2 0.55082734375 0.3142978515625 2 0.0 0.0 0.0 0.0 0.0 0.0 0.0 0.0 0.0 0.0 0.0 0.0
0 0.524609375 0.322265625 0.01171875 0.021484375 0.52125 0.3306640625 2 0.5216406250000001 0.32509765625 2 0.522421875 0.3189453125 2 0.524453125 0.312109375 2 0.528203125 0.33046875 2 0.527265625 0.32490234375 2 0.52609375 0.319140625 2 0.0 0.0 0.0 0.0 0.0 0.0 0.0 0.0 0.0 0.0 0.0 0.0
0 0.501953125 0.32958984375 0.01328125 0.0224609375 0.498203125 0.33798828125 2 0.49906249999999996 0.33134765625 2 0.49953125 0.32568359375 2 0.5017968749999999 0.31884765625 2 0.504921875 0.33779296875 2 0.504296875 0.33154296875 2 0.503671875 0.325390625 2 0.0 0.0 0.0 0.0 0.0 0.0 0.0 0.0 0.0 0.0 0.0 0.0
0 0.464453125 0.339208984375 0.01640625 0.02607421875 0.46015625 0.34873046875 2 0.46078125 0.34169921875 2 0.461328125 0.3353515625 2 0.46429687499999994 0.3275390625 2 0.46804687500000003 0.34833984375 2 0.46773437500000004 0.34169921875 2 0.46656250000000005 0.3353515625 2 0.0 0.0 0.0 0.0 0.0 0.0 0.0 0.0 0.0 0.0 0.0 0.0
0 0.43125 0.35751953125 0.0203125 0.0314453125 0.42570312499999996 0.36875 2 0.426171875 0.36005859375 2 0.427109375 0.35185546875 2 0.4303125 0.34228515625 2 0.43578124999999995 0.36826171875 2 0.43429687499999997 0.35966796875 2 0.433125 0.35166015625 2 0.0 0.0 0.0 0.0 0.0 0.0 0.0 0.0 0.0 0.0 0.0 0.0
0 0.370859375 0.3818359375 0.024531249999999998 0.0390625 0.364453125 0.39521484375 2 0.364921875 0.38486328125 2 0.36609375 0.37431640625 2 0.3699359375 0.362822265625 2 0.377265625 0.3951171875 1 0.374609375 0.38515625 1 0.37296874999999996 0.37451171875 2 0.0 0.0 0.0 0.0 0.0 0.0 0.0 0.0 0.0 0.0 0.0 0.0
0 0.375 0.404296875 0.0296875 0.046875 0.36789062499999997 0.41953125 2 0.368671875 0.40732421875 2 0.3703125 0.39541015625 2 0.3746875 0.38251953125 2 0.38359375 0.4193359375 2 0.38078124999999996 0.40673828125 2 0.379009375 0.3952392578125 2 0.0 0.0 0.0 0.0 0.0 0.0 0.0 0.0 0.0 0.0 0.0 0.0
0 0.401953125 0.44091796875 0.04140625 0.0634765625 0.39027734375 0.462216796875 2 0.39144921875 0.4465458984375 2 0.393440625 0.4288251953125 2 0.3989859375 0.410796875 2 0.410546875 0.461337890625 2 0.40711796875 0.4448408203125 2 0.40414921875000004 0.428544921875 2 0.0 0.0 0.0 0.0 0.0 0.0 0.0 0.0 0.0 0.0 0.0 0.0
0 0.490234375 0.50146484375 0.06171875 0.0869140625 0.47463671874999996 0.5292939453125 2 0.4768625 0.506740234375 2 0.48002578125 0.4840390625 2 0.48740546875 0.4600078125 2 0.5036937499999999 0.5285615234375 2 0.49984375 0.5057060546875 2 0.4955375 0.4835654296875 2 0.0 0.0 0.0 0.0 0.0 0.0 0.0 0.0 0.0 0.0 0.0 0.0
0 0.43671875 0.6474609375 0.0953125 0.1484375 0.41239453125000003 0.6916875 2 0.4150796875 0.6524208984375 2 0.41982421875 0.617361328125 2 0.43293359374999996 0.577748046875 2 0.46005078125 0.6905126953125 2 0.45145937500000005 0.6505751953125 2 0.44624921874999995 0.6164306640625 2 0.0 0.0 0.0 0.0 0.0 0.0 0.0 0.0 0.0 0.0 0.0 0.0
