0 0.62421875 0.5517578125 0.075 0.111328125 0.6075078125 0.58641796875 2 0.612484375 0.557388671875 2 0.61524921875 0.52928125 2 0.62483203125 0.4991005859375 2 0.6440015625 0.5875693359375 2 0.639909375 0.5564296875 2 0.63537421875 0.5277880859375 2 0.0 0.0 0.0 0.0 0.0 0.0 0.0 0.0 0.0 0.0 0.0 0.0
0 0.8648277343749999 0.42687060546875 0.05153046875 0.0685849609375 0.85353046875 0.4509619140625 2 0.85821875 0.4317236328125 2 0.861884375 0.41366796875 2 0.8688062499999999 0.394125 2 0.88015546875 0.4521298828125 2 0.877221875 0.43204296875 2 0.8740335937499999 0.4138681640625 2 0.0 0.0 0.0 0.0 0.0 0.0 0.0 0.0 0.0 0.0 0.0 0.0
0 0.037890625 0.392578125 0.02734375 0.041015625 0.0309375 0.40712890625 2 0.03234375 0.3953125 2 0.0325 0.38515625 2 0.03625 0.37275390625 2 0.047421875 0.4068359375 2 0.043828125 0.39501953125 2 0.041796875 0.38505859375 2 0.0 0.0 0.0 0.0 0.0 0.0 0.0 0.0 0.0 0.0 0.0 0.0
0 0.156640625 0.371337890625 0.02109375 0.03369140625 0.150625 0.38251953125 2 0.15125 0.3732421875 2 0.152109375 0.36416015625 2 0.15531250000000002 0.3544921875 2 0.1628125 0.38212890625 2 0.160546875 0.373046875 2 0.1590625 0.36435546875 2 0.0 0.0 0.0 0.0 0.0 0.0 0.0 0.0 0.0 0.0 0.0 0.0
0 0.228515625 0.3533203125 0.01796875 0.02890625 0.22351562500000002 0.3640625 2 0.2240625 0.35625 2 0.224609375 0.34765625 2 0.22734375 0.3396484375 2 0.23351562499999998 0.3640625 2 0.231875 0.35615234375 2 0.230625 0.3478515625 2 0.0 0.0 0.0 0.0 0.0 0.0 0.0 0.0 0.0 0.0 0.0 0.0
1 0.928515625 0.2900390625 0.01328125 0.01953125 0.925078125 0.29716796875 2 0.9259375000000001 0.29208984375 2 0.92671875 0.286328125 2 0.9290625 0.28046875 2 0.9321093749999999 0.297265625 2 0.931640625 0.2921875 2 0.9310937499999999 0.2865234375 2 0.0 0.0 0.0 0.0 0.0 0.0 0.0 0.0 0.0 0.0 0.0 0.0
0 0.783203125 0.30615234375 0.01328125 0.0224609375 0.780078125 0.31298828125 2 0.7807031249999999 0.30771484375 2 0.7815624999999999 0.3015625 2 0.78359375 0.29462890625 2 0.7869531249999999 0.313671875 2 0.78609375 0.3076171875 2 0.7854687499999999 0.30146484375 2 0.0 0.0 0.0 0.0 0.0 0.0 0.0 0.0 0.0 0.0 0.0 0.0
1 0.057421875 0.353857421875 0.01640625 0.02607421875 0.0521875 0.36435546875 2 0.0528125 0.35625 2 0.053671875 0.34931640625 2 0.055937499999999994 0.34189453125 2 0.061875 0.36416015625 2 0.059921875 0.35625 2 0.058750000000000004 0.34931640625 2 0.0 0.0 0.0 0.0 0.0 0.0 0.0 0.0 0.0 0.0 0.0 0.0
0 0.319140625 0.34130859375 0.01640625 0.0263671875 0.31484375 0.35029296875 2 0.315859375 0.34306640625 2 0.316796875 0.3349609375 2 0.318671875 0.3279296875 2 0.32359375 0.3494140625 2 0.3228125 0.34287109375 2 0.32125 0.3349609375 2 0.0 0.0 0.0 0.0 0.0 0.0 0.0 0.0 0.0 0.0 0.0 0.0
0 0.86875 0.30078125 0.0140625 0.0234375 0.8650781249999999 0.309765625 2 0.866171875 0.30361328125 2 0.8666406249999999 0.2970703125 2 0.86875 0.28994140625 2 0.873046875 0.3095703125 2 0.8724999999999999 0.30361328125 2 0.871796875 0.29697265625 2 0.0 0.0 0.0 0.0 0.0 0.0 0.0 0.0 0.0 0.0 0.0 0.0
0 0.582421875 0.31689453125 0.01328125 0.0224609375 0.57890625 0.324609375 2 0.5795312499999999 0.31845703125 2 0.5803906249999999 0.31201171875 2 0.582421875 0.30576171875 2 0.58640625 0.3244140625 2 0.5853125 0.31806640625 2 0.5846875 0.3119140625 2 0.0 0.0 0.0 0.0 0.0 0.0 0.0 0.0 0.0 0.0 0.0 0.0
0 0.401953125 0.33125 0.01484375 0.023828125 0.39734375 0.34013671875 2 0.39796875 0.33291015625 2 0.39859374999999997 0.326171875 2 0.400703125 0.31962890625 2 0.405625 0.3400390625 2 0.40453124999999995 0.33291015625 2 0.40335937499999996 0.326171875 2 0.0 0.0 0.0 0.0 0.0 0.0 0.0 0.0 0.0 0.0 0.0 0.0
0 0.680859375 0.311572265625 0.01328125 0.02158203125 0.6774218750000001 0.318359375 2 0.6782812500000001 0.3126953125 2 0.678828125 0.30634765625 2 0.6809375 0.30205078125 2 0.684921875 0.31845703125 2 0.683671875 0.31318359375 2 0.68296875 0.30654296875 2 0.0 0.0 0.0 0.0 0.0 0.0 0.0 0.0 0.0 0.0 0.0 0.0
1 0.275 0.328076171875 0.0125 0.02138671875 0.27078125000000003 0.33583984375 2 0.27234375 0.32958984375 2 0.27273437500000003 0.3240234375 2 0.27421875 0.31806640625 2 0.27890625 0.33564453125 2 0.27703125 0.3294921875 2 0.27638515625000004 0.32398828125 2 0.0 0.0 0.0 0.0 0.0 0.0 0.0 0.0 0.0 0.0 0.0 0.0
0 0.4859375 0.324072265625 0.0140625 0.02314453125 0.482109375 0.33212890625 2 0.482578125 0.32568359375 2 0.48343749999999996 0.31923828125 2 0.48568984375 0.3129365234375 2 0.489921875 0.3322265625 2 0.489453125 0.32607421875 2 0.48859375 0.31943359375 2 0.0 0.0 0.0 0.0 0.0 0.0 0.0 0.0 0.0 0.0 0.0 0.0
1 0.383203125 0.321240234375 0.01171875 0.02138671875 0.38 0.3283203125 2 0.38078124999999996 0.32275390625 2 0.381484375 0.31767578125 2 0.383046875 0.31064453125 2 0.386953125 0.32822265625 2 0.385625 0.32294921875 2 0.38515625 0.3173828125 2 0.0 0.0 0.0 0.0 0.0 0.0 0.0 0.0 0.0 0.0 0.0 0.0
1 0.5921875 0.30615234375 0.0109375 0.0185546875 0.588671875 0.31328125 2 0.58984375 0.3080078125 2 0.5903125 0.303125 2 0.592578125 0.29677734375 2 0.5960156249999999 0.31357421875 2 0.594921875 0.3080078125 2 0.594375 0.3033203125 2 0.0 0.0 0.0 0.0 0.0 0.0 0.0 0.0 0.0 0.0 0.0 0.0
1 0.151171875 0.340380859375 0.01328125 0.02255859375 0.147578125 0.34833984375 2 0.14838984375 0.3412275390625 2 0.14914296875 0.3361630859375 2 0.15101562500000001 0.32900390625 2 0.155859375 0.348046875 2 0.1546875 0.34140625 2 0.153828125 0.3359375 2 0.0 0.0 0.0 0.0 0.0 0.0 0.0 0.0 0.0 0.0 0.0 0.0
1 0.808984375 0.2958984375 0.01328125 0.01953125 0.805703125 0.3021484375 2 0.8067968750000001 0.296484375 2 0.80703125 0.29208984375 2 0.809375 0.28623046875 2 0.8121875 0.30224609375 2 0.811484375 0.29638671875 2 0.8114062499999999 0.29228515625 2 0.0 0.0 0.0 0.0 0.0 0.0 0.0 0.0 0.0 0.0 0.0 0.0
1 0.6843359375 0.3017578125 0.012421875 0.01953125 0.68046875 0.3076171875 1 0.6817968750000001 0.30234375 1 0.68203125 0.29794921875 2 0.684375 0.29208984375 2 0.687265625 0.307421875 2 0.686484375 0.30224609375 2 0.68640625 0.29814453125 2 0.0 0.0 0.0 0.0 0.0 0.0 0.0 0.0 0.0 0.0 0.0 0.0
1 0.49078125000000006 0.31396484375 0.01125 0.0185546875 0.48687500000000006 0.320703125 1 0.48804687500000005 0.3154296875 2 0.48851562499999995 0.310546875 2 0.49078125000000006 0.30419921875 2 0.493828125 0.32060546875 2 0.49312500000000004 0.3154296875 2 0.492578125 0.3107421875 2 0.0 0.0 0.0 0.0 0.0 0.0 0.0 0.0 0.0 0.0 0.0 0.0
0 0.96640625 0.2978515625 0.0140625 0.0234375 0.9630468750000001 0.3060546875 2 0.9640625 0.3 2 0.965234375 0.29384765625 2 0.96703125 0.2865234375 2 0.9711718749999999 0.3060546875 2 0.970390625 0.2998046875 2 0.9692968750000001 0.2939453125 2 0.0 0.0 0.0 0.0 0.0 0.0 0.0 0.0 0.0 0.0 0.0 0.0
