1 0.54609375 0.30662646484375 0.009375 0.0136435546875 0.54358828125 0.3116865234375 2 0.5441812500000001 0.3073095703125 2 0.5446859374999999 0.303744140625 2 0.545965625 0.3000947265625 2 0.5479476562500001 0.31178515625 2 0.54770546875 0.307330078125 2 0.54728828125 0.3038798828125 2 0.0 0.0 0.0 0.0 0.0 0.0 0.0 0.0 0.0 0.0 0.0 0.0
0 0.887890625 0.47607421875 0.05859375 0.0849609375 0.8730343749999999 0.5048310546875 2 0.87621640625 0.4821748046875 2 0.88050546875 0.459 2 0.89074453125 0.4351337890625 2 0.9015359374999999 0.5048310546875 2 0.8998757812499999 0.4818291015625 2 0.89710859375 0.4596923828125 2 0.0 0.0 0.0 0.0 0.0 0.0 0.0 0.0 0.0 0.0 0.0 0.0
0 0.584375 0.59222412109375 0.0859375 0.1278076171875 0.56075 0.630419921875 2 0.5660499999999999 0.5981435546875 2 0.5696218749999999 0.564431640625 2 0.5819484375 0.531181640625 2 0.6022765625 0.6303896484375 2 0.5970859374999999 0.5974111328125 2 0.59297734375 0.5649716796875 2 0.0 0.0 0.0 0.0 0.0 0.0 0.0 0.0 0.0 0.0 0.0 0.0
0 0.030938671875 0.35185986328125 0.01187734375 0.0201259765625 0.02744140625 0.3591162109375 2 0.02821796875 0.3541220703125 2 0.0289390625 0.3494697265625 2 0.03035625 0.3433896484375 2 0.03368515625 0.3590439453125 2 0.032623437500000005 0.3541748046875 2 0.03206640625 0.34954296875 2 0.0 0.0 0.0 0.0 0.0 0.0 0.0 0.0 0.0 0.0 0.0 0.0
0 0.403515625 0.3232421875 0.01015625 0.017578125 0.40028125000000003 0.3276552734375 2 0.400575 0.32327734375 2 0.40136796874999997 0.3194140625 2 0.40291640624999997 0.31465234375 2 0.40556875000000003 0.3275380859375 2 0.40485546875 0.3231787109375 2 0.4043796875 0.3195126953125 2 0.0 0.0 0.0 0.0 0.0 0.0 0.0 0.0 0.0 0.0 0.0 0.0
0 0.6265625 0.30322265625 0.009375 0.0146484375 0.6245609375 0.3084169921875 2 0.62511640625 0.30465234375 2 0.6254328124999999 0.30088671875 2 0.6269390625 0.2965283203125 2 0.629 0.308515625 2 0.628365625 0.30494921875 2 0.62820703125 0.300986328125 2 0.0 0.0 0.0 0.0 0.0 0.0 0.0 0.0 0.0 0.0 0.0 0.0
0 0.4765625 0.31689453125 0.009375 0.0166015625 0.47365234375 0.3221884765625 2 0.47396953125 0.317927734375 2 0.47452421874999995 0.3134697265625 2 0.47610937499999995 0.3094072265625 2 0.4784078125 0.3220888671875 2 0.47785312500000005 0.3182255859375 2 0.47745625 0.313568359375 2 0.0 0.0 0.0 0.0 0.0 0.0 0.0 0.0 0.0 0.0 0.0 0.0
1 0.489605859375 0.3125 0.00889921875 0.015625 0.48720546875000004 0.3174326171875 2 0.48768124999999996 0.3130732421875 2 0.48831484375 0.3098037109375 2 0.4896625 0.3051474609375 2 0.49156484375 0.3173330078125 2 0.49148515625 0.313271484375 2 0.49124765625 0.309705078125 2 0.0 0.0 0.0 0.0 0.0 0.0 0.0 0.0 0.0 0.0 0.0 0.0
0 0.15541796875 0.3421435546875 0.009273437499999999 0.018271484375 0.15254218749999998 0.3487724609375 2 0.15320781249999998 0.3438857421875 2 0.15320781249999998 0.3391298828125 2 0.15479296874999998 0.3329873046875 2 0.1578046875 0.348640625 2 0.15709140625 0.3438857421875 2 0.1566953125 0.3387333984375 2 0.0 0.0 0.0 0.0 0.0 0.0 0.0 0.0 0.0 0.0 0.0 0.0
1 0.11570976562499999 0.33462109375 0.01110703125 0.0168984375 0.11378828125 0.3405341796875 2 0.11446484374999999 0.3361240234375 2 0.11509375 0.3320849609375 2 0.11619375000000001 0.3271416015625 2 0.11944296875 0.340318359375 2 0.1183859375 0.3360478515625 2 0.11787734375 0.332099609375 2 0.0 0.0 0.0 0.0 0.0 0.0 0.0 0.0 0.0 0.0 0.0 0.0
0 0.55546875 0.31201171875 0.009375 0.0166015625 0.5522773437499999 0.3163427734375 2 0.55293515625 0.311861328125 2 0.55348828125 0.308060546875 2 0.554734375 0.3037607421875 2 0.5570328124999999 0.316244140625 2 0.55631953125 0.3119833984375 2 0.55584375 0.3080205078125 2 0.0 0.0 0.0 0.0 0.0 0.0 0.0 0.0 0.0 0.0 0.0 0.0
1 0.6125 0.30078125 0.0078125 0.013671875 0.6106906249999999 0.3054443359375 2 0.61116640625 0.3016796875 2 0.6116421875 0.297716796875 2 0.6127515625 0.2938525390625 2 0.6146539062499999 0.30524609375 2 0.614178125 0.3019765625 2 0.61378203125 0.297716796875 2 0.0 0.0 0.0 0.0 0.0 0.0 0.0 0.0 0.0 0.0 0.0 0.0
