1 0.64609375 0.5810546875 0.071875 0.109375 0.62313671875 0.6082626953125 2 0.6298781250000001 0.5807548828125 2 0.6341351562499999 0.55990234375 2 0.6464562500000001 0.53012890625 2 0.6603890625 0.6149169921875 2 0.656840625 0.5865224609375 2 0.654003125 0.5616767578125 2 0.0 0.0 0.0 0.0 0.0 0.0 0.0 0.0 0.0 0.0 0.0 0.0
1 0.598828125 0.49755859375 0.04609375 0.0751953125 0.5855671874999999 0.5160078125 2 0.5889054687499999 0.49647265625 2 0.59104140625 0.4819462890625 2 0.6002539062500001 0.462244140625 2 0.6091992187499999 0.51784375 2 0.607596875 0.50098046875 2 0.60552109375 0.48245703125 2 0.0 0.0 0.0 0.0 0.0 0.0 0.0 0.0 0.0 0.0 0.0 0.0
0 0.08828125 0.44091796875 0.0453125 0.0615234375 0.0763328125 0.459076171875 2 0.07785234375 0.444298828125 2 0.08040546875 0.4275 2 0.08673125000000001 0.4111484375 2 0.09789687500000001 0.4591298828125 2 0.09456328124999999 0.443666015625 2 0.092878125 0.428001953125 2 0.0 0.0 0.0 0.0 0.0 0.0 0.0 0.0 0.0 0.0 0.0 0.0
0 0.12421875 0.3994140625 0.0296875 0.046875 0.11583828125 0.412646484375 2 0.11701953125 0.4029365234375 2 0.1193828125 0.3902705078125 2 0.12343437500000001 0.37887109375 2 0.13136796875 0.4130693359375 2 0.12934218749999998 0.4033583984375 2 0.12782265625 0.3906923828125 2 0.0 0.0 0.0 0.0 0.0 0.0 0.0 0.0 0.0 0.0 0.0 0.0
1 0.899609375 0.84125048828125 0.15078125 0.2196103515625 0.86384296875 0.880671875 2 0.879265625 0.83199609375 2 0.88991484375 0.7883720703125 2 0.9134156250000001 0.7396962890625 2 0.93985390625 0.8985810546875 2 0.93544765625 0.847609375 2 0.9306742187499999 0.7975556640625 2 0.0 0.0 0.0 0.0 0.0 0.0 0.0 0.0 0.0 0.0 0.0 0.0
0 0.20625 0.3828125 0.0234375 0.037109375 0.19805625 0.39470703125 2 0.1999125 0.38478515625 2 0.20224765625000002 0.3737919921875 2 0.20558125 0.3639580078125 2 0.21139140625000002 0.3940732421875 2 0.21004140625 0.38499609375 2 0.2085390625 0.3741318359375 2 0.0 0.0 0.0 0.0 0.0 0.0 0.0 0.0 0.0 0.0 0.0 0.0
1 0.790146484375 0.38525390625 0.01779296875 0.0302734375 0.78358828125 0.39390625 2 0.7858367187499999 0.3865927734375 2 0.7877421874999999 0.3781416015625 2 0.79078515625 0.3714052734375 2 0.79378359375 0.39465625 2 0.793634375 0.38790625 2 0.792796875 0.3782587890625 2 0.0 0.0 0.0 0.0 0.0 0.0 0.0 0.0 0.0 0.0 0.0 0.0
1 0.638671875 0.392578125 0.02265625 0.037109375 0.63077265625 0.4038447265625 2 0.632871875 0.3952197265625 2 0.6353671875 0.384685546875 2 0.63847890625 0.3751103515625 2 0.6444171875 0.4040322265625 2 0.64336796875 0.3965322265625 2 0.6414375 0.38491796875 2 0.0 0.0 0.0 0.0 0.0 0.0 0.0 0.0 0.0 0.0 0.0 0.0
1 0.5765625 0.439453125 0.034375 0.052734375 0.565990625 0.4538974609375 2 0.56913984375 0.4415224609375 2 0.5710890625 0.427271484375 2 0.57594140625 0.4132216796875 2 0.58503359375 0.4550224609375 2 0.58308359375 0.4422724609375 2 0.5806851562500001 0.427646484375 2 0.0 0.0 0.0 0.0 0.0 0.0 0.0 0.0 0.0 0.0 0.0 0.0
1 0.58671875 0.403828125 0.0265625 0.040078125 0.57873671875 0.417529296875 1 0.5805359375 0.407029296875 2 0.58278515625 0.3959658203125 2 0.58668359375 0.3867783203125 2 0.59508046875 0.418279296875 2 0.5928312499999999 0.407591796875 2 0.59118203125 0.3963408203125 2 0.0 0.0 0.0 0.0 0.0 0.0 0.0 0.0 0.0 0.0 0.0 0.0
1 0.9089281250000001 0.39055419921875 0.01785625 0.0311083984375 0.90221015625 0.4002783203125 2 0.9041593750000001 0.3922158203125 2 0.90684921875 0.3839111328125 2 0.90955703125 0.37571484375 2 0.9136054687499999 0.4006533203125 2 0.9127054687499999 0.3931533203125 2 0.9118421874999999 0.3840947265625 2 0.0 0.0 0.0 0.0 0.0 0.0 0.0 0.0 0.0 0.0 0.0 0.0
1 0.7065210937499999 0.3865771484375 0.0208546875 0.032919921875 0.6994570312499999 0.3974697265625 2 0.7012562499999999 0.38828125 2 0.70334921875 0.3807431640625 2 0.7062046875 0.3730927734375 2 0.7108531250000001 0.39671875 2 0.709353125 0.38846875 2 0.7087546875 0.380796875 2 0.0 0.0 0.0 0.0 0.0 0.0 0.0 0.0 0.0 0.0 0.0 0.0
