0 0.112890625 0.439453125 0.03984375 0.05859375 0.1020921875 0.4587333984375 2 0.104153125 0.443283203125 2 0.10713828125 0.42591796875 2 0.1127375 0.4105712890625 2 0.1228234375 0.458279296875 2 0.11979296875 0.4435859375 2 0.11781796874999999 0.42641015625 2 0.0 0.0 0.0 0.0 0.0 0.0 0.0 0.0 0.0 0.0 0.0 0.0
1 0.6546875 0.46435546875 0.0375 0.0595703125 0.64383984375 0.4816259765625 2 0.6476875 0.4669755859375 2 0.65061875 0.4518671875 2 0.65648125 0.4353857421875 2 0.6649093749999999 0.4827705078125 2 0.66252734375 0.4681201171875 2 0.66106171875 0.4532412109375 2 0.0 0.0 0.0 0.0 0.0 0.0 0.0 0.0 0.0 0.0 0.0 0.0
0 0.1671875 0.4140625 0.03125 0.046875 0.15748203125 0.4287705078125 2 0.15912421875 0.4159736328125 2 0.16021875000000002 0.40434765625 2 0.1656921875 0.3908671875 2 0.1753875 0.4284775390625 2 0.17304140625 0.4162666015625 2 0.17077421875 0.40425 2 0.0 0.0 0.0 0.0 0.0 0.0 0.0 0.0 0.0 0.0 0.0 0.0
1 0.579296875 0.41845703125 0.02578125 0.0419921875 0.5710765624999999 0.4321171875 2 0.57344921875 0.41990625 2 0.57510859375 0.4080400390625 2 0.58066015625 0.3983291015625 2 0.5865437499999999 0.4323544921875 2 0.5851203125 0.4206171875 2 0.584740625 0.40876171875 2 0.0 0.0 0.0 0.0 0.0 0.0 0.0 0.0 0.0 0.0 0.0 0.0
0 0.06015625 0.39794921875 0.028125 0.0419921875 0.0527671875 0.41151171875 2 0.05388671874999999 0.4002197265625 2 0.055521875 0.389681640625 2 0.05939453125000001 0.3776376953125 2 0.0672265625 0.4110810546875 2 0.06464453125 0.3995751953125 2 0.06352578125 0.389466796875 2 0.0 0.0 0.0 0.0 0.0 0.0 0.0 0.0 0.0 0.0 0.0 0.0
1 0.46171875 0.3955078125 0.021875 0.03515625 0.45522656250000004 0.4059130859375 2 0.45696015624999997 0.3971357421875 2 0.45851171874999996 0.388357421875 2 0.46216093750000004 0.3791240234375 2 0.4681828125 0.406369140625 2 0.46690546875 0.3981611328125 2 0.46553671874999997 0.3888134765625 2 0.0 0.0 0.0 0.0 0.0 0.0 0.0 0.0 0.0 0.0 0.0 0.0
1 0.15546875 0.37451171875 0.0203125 0.0322265625 0.15008203125 0.38436328125 2 0.15101875 0.37684765625 2 0.15195625 0.36835546875 2 0.155315625 0.3595712890625 2 0.1608625 0.38416796875 2 0.1602375 0.37665234375 2 0.158675 0.36855078125 2 0.0 0.0 0.0 0.0 0.0 0.0 0.0 0.0 0.0 0.0 0.0 0.0
1 0.042578125 0.365234375 0.01953125 0.029296875 0.036819531249999995 0.3736357421875 2 0.03828828125 0.366509765625 2 0.039411718750000005 0.3589521484375 2 0.0419171875 0.3512861328125 2 0.047966406249999996 0.37352734375 2 0.046497656250000005 0.366509765625 2 0.04511484375 0.3590595703125 2 0.0 0.0 0.0 0.0 0.0 0.0 0.0 0.0 0.0 0.0 0.0 0.0
1 0.316015625 0.38134765625 0.01953125 0.0322265625 0.3096390625 0.3908193359375 2 0.3112390625 0.382611328125 2 0.312765625 0.374283203125 2 0.3168828125 0.3659833984375 2 0.3221046875 0.391134765625 2 0.321009375 0.3829267578125 2 0.3203359375 0.3749287109375 2 0.0 0.0 0.0 0.0 0.0 0.0 0.0 0.0 0.0 0.0 0.0 0.0
1 0.60078125 0.56298828125 0.0671875 0.1005859375 0.58299765625 0.5908408203125 2 0.5901046875 0.5646787109375 2 0.5931437500000001 0.540462890625 2 0.6070921874999999 0.5141064453125 2 0.61838203125 0.593328125 2 0.61625703125 0.5699873046875 2 0.613575 0.5431640625 2 0.0 0.0 0.0 0.0 0.0 0.0 0.0 0.0 0.0 0.0 0.0 0.0
