0 0.456640625 0.52099609375 0.06328125 0.0966796875 0.44166249999999996 0.5502890625 2 0.44647578125000004 0.524173828125 2 0.45112265625000003 0.499716796875 2 0.45908906250000003 0.4746376953125 2 0.47518828125 0.5511181640625 2 0.471703125 0.52624609375 2 0.46771953125000004 0.499716796875 2 0.0 0.0 0.0 0.0 0.0 0.0 0.0 0.0 0.0 0.0 0.0 0.0
1 0.9734375 0.412109375 0.0421875 0.0625 0.960590625 0.4330771484375 2 0.96416796875 0.416603515625 2 0.96774609375 0.4004091796875 2 0.9744531249999999 0.3823994140625 2 0.9854085937500001 0.433775390625 2 0.9823906250000001 0.41632421875 2 0.9801546875 0.4011064453125 2 0.0 0.0 0.0 0.0 0.0 0.0 0.0 0.0 0.0 0.0 0.0 0.0
0 0.40234375 0.4230029296875 0.0375 0.058896484375 0.39335234375 0.440845703125 2 0.395171875 0.425701171875 2 0.39690156249999997 0.4095947265625 2 0.40281171875000005 0.3938974609375 2 0.41372578125 0.44054296875 2 0.41130078125 0.426609375 2 0.40875390625 0.4099501953125 2 0.0 0.0 0.0 0.0 0.0 0.0 0.0 0.0 0.0 0.0 0.0 0.0
1 0.82265625 0.3720703125 0.0296875 0.044921875 0.8150000000000001 0.386236328125 2 0.8174070312499999 0.3744375 2 0.81963515625 0.3630830078125 2 0.8242703125 0.3510615234375 2 0.83095546875 0.3874609375 2 0.8289046875 0.37466015625 2 0.8281031249999999 0.3634169921875 2 0.0 0.0 0.0 0.0 0.0 0.0 0.0 0.0 0.0 0.0 0.0 0.0
0 0.141015625 0.7666015625 0.13828125 0.1953125 0.10818984375 0.8218955078125 2 0.1136109375 0.7730390625 2 0.117340625 0.7268681640625 2 0.12986171875000002 0.67484375 2 0.1748921875 0.80896484375 2 0.1626109375 0.7632548828125 2 0.15225625 0.720552734375 2 0.0 0.0 0.0 0.0 0.0 0.0 0.0 0.0 0.0 0.0 0.0 0.0
0 0.38671875 0.3779296875 0.028125 0.04296875 0.379975 0.3917021484375 2 0.381165625 0.3807705078125 2 0.38249609375000004 0.3689638671875 2 0.3858640625 0.357220703125 2 0.3942609375 0.3917021484375 2 0.39251015625 0.3811201171875 2 0.3908296875 0.369138671875 2 0.0 0.0 0.0 0.0 0.0 0.0 0.0 0.0 0.0 0.0 0.0 0.0
0 0.328515625 0.3544921875 0.01953125 0.03125 0.32325781249999996 0.3652548828125 2 0.32432109374999996 0.3568232421875 2 0.32574609374999997 0.3471396484375 2 0.3284671875 0.3388291015625 2 0.33426171875 0.3654111328125 2 0.33307421875 0.357212890625 2 0.33105546874999997 0.347474609375 2 0.0 0.0 0.0 0.0 0.0 0.0 0.0 0.0 0.0 0.0 0.0 0.0
1 0.68671875 0.3513876953125 0.021875 0.034806640625 0.68049296875 0.361583984375 2 0.6837078125 0.352419921875 2 0.6856640625 0.34360546875 2 0.6909757812499999 0.334267578125 2 0.69272265625 0.3617587890625 2 0.6922335937499999 0.352943359375 2 0.692653125 0.343955078125 2 0.0 0.0 0.0 0.0 0.0 0.0 0.0 0.0 0.0 0.0 0.0 0.0
0 0.2375 0.3427734375 0.0171875 0.02734375 0.23355859375 0.3510107421875 2 0.23418359375 0.3443740234375 2 0.234996875 0.3364091796875 2 0.23726093750000002 0.3291591796875 2 0.24281171875 0.3509326171875 2 0.24131171875000001 0.3444521484375 2 0.2396015625 0.3364130859375 2 0.0 0.0 0.0 0.0 0.0 0.0 0.0 0.0 0.0 0.0 0.0 0.0
1 0.55390625 0.33751953125 0.0171875 0.0285546875 0.5493875 0.34698828125 2 0.5503875 0.3385556640625 2 0.55120078125 0.3315283203125 2 0.5537703125 0.3229130859375 2 0.559390625 0.34691015625 2 0.557515625 0.3387119140625 2 0.55645234375 0.3316845703125 2 0.0 0.0 0.0 0.0 0.0 0.0 0.0 0.0 0.0 0.0 0.0 0.0
0 0.2078125 0.333984375 0.0140625 0.0234375 0.20442890625 0.3421044921875 2 0.20524140625 0.3354677734375 2 0.20614921874999997 0.3288623046875 2 0.20761796875 0.3230537109375 2 0.21255703124999997 0.34194921875 2 0.21136875000000002 0.3358583984375 2 0.20987031250000002 0.32898828125 2 0.0 0.0 0.0 0.0 0.0 0.0 0.0 0.0 0.0 0.0 0.0 0.0
