0 0.51171875 0.5400390625 0.0671875 0.1015625 0.49762109375 0.5721279296875 2 0.49957890625 0.5439716796875 2 0.503103125 0.5187529296875 2 0.51137109375 0.4919228515625 2 0.5297328125 0.5718828125 2 0.5256203125 0.5439716796875 2 0.52072578125 0.518263671875 2 0.0 0.0 0.0 0.0 0.0 0.0 0.0 0.0 0.0 0.0 0.0 0.0
0 0.1828125 0.4052734375 0.028125 0.04296875 0.17581015625000002 0.4207900390625 2 0.17642734375 0.4085556640625 2 0.17801406250000001 0.3963193359375 2 0.181628125 0.3843046875 2 0.190884375 0.4196884765625 2 0.18868046875 0.408224609375 2 0.1864765625 0.3964296875 2 0.0 0.0 0.0 0.0 0.0 0.0 0.0 0.0 0.0 0.0 0.0 0.0
0 0.6796875 0.44580078125 0.0453125 0.0673828125 0.66952734375 0.4681396484375 2 0.671934375 0.4488759765625 2 0.6756656249999999 0.43081640625 2 0.68120234375 0.4138095703125 2 0.6933578125000001 0.46934375 2 0.69034921875 0.449779296875 2 0.68673828125 0.4311171875 2 0.0 0.0 0.0 0.0 0.0 0.0 0.0 0.0 0.0 0.0 0.0 0.0
0 0.78125 0.392578125 0.034375 0.05078125 0.77326953125 0.4096845703125 2 0.77523984375 0.3960185546875 2 0.7779273437499999 0.3822412109375 2 0.782675 0.3691357421875 2 0.79118515625 0.4096845703125 2 0.78930390625 0.39669140625 2 0.78733359375 0.382353515625 2 0.0 0.0 0.0 0.0 0.0 0.0 0.0 0.0 0.0 0.0 0.0 0.0
0 0.018346875000000002 0.4345703125 0.03200625 0.05078125 0.007047656250000001 0.4548095703125 2 0.0087765625 0.440251953125 2 0.00946796875 0.4245419921875 2 0.013041406250000002 0.4107060546875 2 0.027794531249999997 0.45221484375 2 0.02341484375 0.4385224609375 2 0.02040078125 0.4238720703125 2 0.0 0.0 0.0 0.0 0.0 0.0 0.0 0.0 0.0 0.0 0.0 0.0
0 0.39296875 0.3671875 0.0203125 0.033203125 0.38711953125 0.379322265625 2 0.38829140624999997 0.37004296875 2 0.38961953125000004 0.360470703125 2 0.39225390625 0.35083984375 2 0.39899296875 0.378443359375 2 0.397275 0.370140625 2 0.395165625 0.360275390625 2 0.0 0.0 0.0 0.0 0.0 0.0 0.0 0.0 0.0 0.0 0.0 0.0
1 0.219921875 0.3642578125 0.01796875 0.029296875 0.21524453124999998 0.373853515625 2 0.21632812499999998 0.36484375 2 0.216953125 0.35859375 2 0.21852578125000002 0.35001953125 2 0.22532109375 0.373267578125 2 0.223203125 0.364453125 2 0.22203124999999999 0.35830078125 2 0.0 0.0 0.0 0.0 0.0 0.0 0.0 0.0 0.0 0.0 0.0 0.0
0 0.57734375 0.345703125 0.015625 0.02734375 0.5721421875 0.3552734375 2 0.57302890625 0.3472685546875 2 0.5741265624999999 0.3388447265625 2 0.57638984375 0.331677734375 2 0.5821953125 0.3553837890625 2 0.580371875 0.3473662109375 2 0.57856484375 0.3390703125 2 0.0 0.0 0.0 0.0 0.0 0.0 0.0 0.0 0.0 0.0 0.0 0.0
0 0.32578125 0.380859375 0.0234375 0.037109375 0.31941328125 0.393966796875 2 0.31982890625 0.3834541015625 2 0.3214890625 0.3734609375 2 0.32503359375 0.3629306640625 2 0.33249062500000004 0.3933173828125 2 0.33051875000000003 0.38332421875 2 0.32835546875 0.373021484375 2 0.0 0.0 0.0 0.0 0.0 0.0 0.0 0.0 0.0 0.0 0.0 0.0
0 0.69453125 0.33984375 0.0171875 0.02734375 0.6899328125 0.349927734375 2 0.69079140625 0.34211328125 2 0.6921976562500001 0.333517578125 2 0.69493203125 0.3261923828125 2 0.69993125 0.349048828125 2 0.698603125 0.342015625 2 0.69743125 0.333517578125 2 0.0 0.0 0.0 0.0 0.0 0.0 0.0 0.0 0.0 0.0 0.0 0.0
1 0.1046875 0.37939453125 0.0203125 0.0322265625 0.09883828125 0.390552734375 2 0.10001015625000001 0.38146875 2 0.100703125 0.3732421875 2 0.10297890624999999 0.36427734375 2 0.11078984375 0.390259765625 2 0.10875937499999999 0.381078125 2 0.10711875 0.372873046875 2 0.0 0.0 0.0 0.0 0.0 0.0 0.0 0.0 0.0 0.0 0.0 0.0
0 0.804296875 0.34130859375 0.01796875 0.0302734375 0.79985390625 0.3533427734375 2 0.8010257812500001 0.3445517578125 2 0.80227578125 0.3355654296875 2 0.8050875 0.3270673828125 2 0.81086796875 0.3528544921875 2 0.809228125 0.3441611328125 2 0.807978125 0.3349794921875 2 0.0 0.0 0.0 0.0 0.0 0.0 0.0 0.0 0.0 0.0 0.0 0.0
1 0.7484375 0.3203125 0.0140625 0.0234375 0.74430625 0.329126953125 2 0.7449312499999999 0.322484375 2 0.74586875 0.3167216796875 2 0.7480015625 0.308994140625 2 0.75266484375 0.328638671875 2 0.75133671875 0.32219140625 2 0.75032109375 0.3165263671875 2 0.0 0.0 0.0 0.0 0.0 0.0 0.0 0.0 0.0 0.0 0.0 0.0
1 0.62890625 0.3251953125 0.0140625 0.0234375 0.62516640625 0.3332265625 2 0.6263375 0.3272685546875 2 0.626884375 0.321505859375 2 0.62913984375 0.313623046875 2 0.63313359375 0.33303125 2 0.632196875 0.3272685546875 2 0.6313375 0.321701171875 2 0.0 0.0 0.0 0.0 0.0 0.0 0.0 0.0 0.0 0.0 0.0 0.0
1 0.8671875 0.318359375 0.015625 0.025390625 0.86250859375 0.3274658203125 2 0.86407109375 0.32023828125 2 0.8653210937500001 0.313791015625 2 0.86774296875 0.3057822265625 2 0.8715703124999999 0.3266845703125 2 0.8710234375000001 0.320140625 2 0.8698515625000001 0.313595703125 2 0.0 0.0 0.0 0.0 0.0 0.0 0.0 0.0 0.0 0.0 0.0 0.0
1 0.34609375 0.347916015625 0.015625 0.02591015625 0.34152031250000003 0.358017578125 2 0.3425578125 0.3507490234375 2 0.3434921875 0.34387109375 2 0.3460171875 0.3355234375 2 0.35086093749999997 0.35723828125 2 0.34899296875 0.3507490234375 2 0.3483703125 0.3440009765625 2 0.0 0.0 0.0 0.0 0.0 0.0 0.0 0.0 0.0 0.0 0.0 0.0
1 0.9921875 0.3193359375 0.015625 0.02734375 0.9871874999999999 0.329572265625 2 0.989046875 0.321306640625 2 0.9903890625 0.31433203125 2 0.99363671875 0.305326171875 2 0.9975164062499999 0.3290556640625 2 0.99731015625 0.3211767578125 2 0.9961734375000001 0.31458984375 2 0.0 0.0 0.0 0.0 0.0 0.0 0.0 0.0 0.0 0.0 0.0 0.0
0 0.8234375 0.36777392578125 0.025 0.0421884765625 0.8166515625 0.38264453125 2 0.8185265625 0.3704345703125 2 0.8206359375 0.3589091796875 2 0.82461953125 0.34728515625 2 0.8315718750000001 0.38244921875 2 0.829775 0.3709228515625 2 0.8282125 0.3588115234375 2 0.0 0.0 0.0 0.0 0.0 0.0 0.0 0.0 0.0 0.0 0.0 0.0
0 0.482421875 0.35400390625 0.01796875 0.0283203125 0.47797890625 0.363505859375 2 0.47891640625000004 0.3565703125 2 0.480165625 0.347681640625 2 0.48250937499999996 0.33996484375 2 0.48828984374999995 0.363505859375 2 0.48664921874999995 0.35666796875 2 0.48516562499999993 0.347876953125 2 0.0 0.0 0.0 0.0 0.0 0.0 0.0 0.0 0.0 0.0 0.0 0.0
0 0.8348046874999999 0.3509765625 0.022734375 0.033984375 0.827821875 0.3650625 1 0.829228125 0.354513671875 2 0.8311421875 0.3446142578125 2 0.8346179687499999 0.3353681640625 2 0.8418046875 0.36457421875 2 0.8403984375 0.354611328125 2 0.8385242187499999 0.34474609375 2 0.0 0.0 0.0 0.0 0.0 0.0 0.0 0.0 0.0 0.0 0.0 0.0
1 0.481640625 0.33740234375 0.01484375 0.0224609375 0.47696328125000004 0.346314453125 2 0.47813515625 0.3394765625 2 0.47891640625000004 0.3334208984375 2 0.481025 0.3258017578125 2 0.48618125 0.346119140625 2 0.48493125 0.33937890625 2 0.48352500000000004 0.3335185546875 2 0.0 0.0 0.0 0.0 0.0 0.0 0.0 0.0 0.0 0.0 0.0 0.0
