0 0.746484375 0.455078125 0.04921875 0.078125 0.7330875 0.48055859375 2 0.735940625 0.4595068359375 2 0.7396835937499999 0.4391376953125 2 0.7461515624999999 0.419087890625 2 0.759628125 0.4807548828125 2 0.75633046875 0.4591611328125 2 0.75397421875 0.43894140625 2 0.0 0.0 0.0 0.0 0.0 0.0 0.0 0.0 0.0 0.0 0.0 0.0
0 0.909765625 0.3994140625 0.03828125 0.05859375 0.89855 0.4187939453125 2 0.90191640625 0.4030595703125 2 0.9045515625 0.388056640625 2 0.91040625 0.3715908203125 2 0.9199203125000001 0.4184287109375 2 0.9185578124999999 0.4036064453125 2 0.9153828125000001 0.3884228515625 2 0.0 0.0 0.0 0.0 0.0 0.0 0.0 0.0 0.0 0.0 0.0 0.0
0 0.378515625 0.64794921875 0.10078125 0.1533203125 0.35332421875 0.6928828125 2 0.35826640625 0.65226171875 2 0.3631171875 0.6171962890625 2 0.37290234375 0.57740234375 2 0.40318750000000003 0.687912109375 2 0.39473984375 0.6485849609375 2 0.38666875 0.617552734375 2 0.0 0.0 0.0 0.0 0.0 0.0 0.0 0.0 0.0 0.0 0.0 0.0
0 0.095703125 0.38037109375 0.02421875 0.0380859375 0.08912109375 0.394779296875 2 0.0904484375 0.383888671875 2 0.091190625 0.37318359375 2 0.09381171875 0.362306640625 2 0.1028125 0.3932236328125 2 0.10073828124999999 0.383265625 2 0.0984921875 0.3730673828125 2 0.0 0.0 0.0 0.0 0.0 0.0 0.0 0.0 0.0 0.0 0.0 0.0
0 0.201171875 0.35752197265625 0.01953125 0.0314501953125 0.195925 0.369111328125 2 0.19707890625 0.35935546875 2 0.19769921875000002 0.3512626953125 2 0.2005390625 0.3428369140625 2 0.207459375 0.36866796875 2 0.20533046875 0.3594658203125 2 0.20364453125 0.3513740234375 2 0.0 0.0 0.0 0.0 0.0 0.0 0.0 0.0 0.0 0.0 0.0 0.0
0 0.251171875 0.3447265625 0.01640625 0.02734375 0.24617499999999998 0.35448046875 2 0.24695625 0.34696484375 2 0.24789374999999997 0.3397421875 2 0.249925 0.331640625 2 0.25555 0.3541875 2 0.2543 0.3470625 2 0.25312812500000004 0.3401318359375 2 0.0 0.0 0.0 0.0 0.0 0.0 0.0 0.0 0.0 0.0 0.0 0.0
0 0.2640625 0.333984375 0.0140625 0.0234375 0.26031484374999997 0.342083984375 2 0.26140859375000003 0.334763671875 2 0.26187734375 0.3288095703125 2 0.26334609375 0.32220703125 2 0.26843984375 0.342279296875 2 0.26703359375 0.334763671875 2 0.26578359375 0.3288095703125 2 0.0 0.0 0.0 0.0 0.0 0.0 0.0 0.0 0.0 0.0 0.0 0.0
0 0.1403515625 0.33232470703125 0.011953125 0.0201181640625 0.13687812500000002 0.3395439453125 2 0.137659375 0.3332978515625 2 0.138025 0.327869140625 2 0.13988828125 0.3221279296875 2 0.14367421875 0.338958984375 2 0.14265859375 0.3335908203125 2 0.14171171875 0.32801171875 2 0.0 0.0 0.0 0.0 0.0 0.0 0.0 0.0 0.0 0.0 0.0 0.0
0 0.1229296875 0.3268076171875 0.013046875 0.018849609375 0.11984765625 0.3336884765625 2 0.12039453124999999 0.3283193359375 2 0.12094140625000001 0.323634765625 2 0.12255468750000001 0.317455078125 2 0.12617578125 0.3336884765625 1 0.12531640625 0.3280263671875 2 0.12463203125 0.3236357421875 2 0.0 0.0 0.0 0.0 0.0 0.0 0.0 0.0 0.0 0.0 0.0 0.0
0 0.029296875 0.324072265625 0.01015625 0.01533203125 0.02672734375 0.329087890625 2 0.02719609375 0.32518359375 2 0.02758671875 0.321474609375 2 0.028975 0.3165458984375 2 0.03219609375 0.329283203125 2 0.03125859375 0.32518359375 2 0.03055546875 0.321279296875 2 0.0 0.0 0.0 0.0 0.0 0.0 0.0 0.0 0.0 0.0 0.0 0.0
0 0.20546875 0.33154296875 0.0125 0.0205078125 0.20211328125 0.3392490234375 2 0.20266015624999997 0.333001953125 2 0.20336328125 0.3275361328125 2 0.20500156249999998 0.3209931640625 2 0.20922187499999997 0.33817578125 2 0.20765937499999998 0.3328076171875 2 0.20664453124999999 0.3273408203125 2 0.0 0.0 0.0 0.0 0.0 0.0 0.0 0.0 0.0 0.0 0.0 0.0
0 0.0890625 0.3232421875 0.0109375 0.015625 0.08625468750000001 0.3286064453125 2 0.0869578125 0.3247021484375 2 0.08734765625 0.3205048828125 2 0.08891015625000001 0.3165029296875 2 0.09211328125 0.3288017578125 2 0.09133203125 0.3249951171875 2 0.09078515625 0.3207978515625 2 0.0 0.0 0.0 0.0 0.0 0.0 0.0 0.0 0.0 0.0 0.0 0.0
0 0.1297265625 0.3289072265625 0.012578125 0.019142578125 0.12560078125000002 0.3362685546875 2 0.12656640624999999 0.331443359375 2 0.12703515625 0.3258798828125 2 0.129378125 0.3210966796875 2 0.13320625 0.3365185546875 2 0.13211250000000002 0.331248046875 2 0.131253125 0.3259765625 2 0.0 0.0 0.0 0.0 0.0 0.0 0.0 0.0 0.0 0.0 0.0 0.0
