0 0.051953125 0.43798828125 0.04609375 0.0634765625 0.041171875000000004 0.45908203125 2 0.042499999999999996 0.44306640625 2 0.044140625 0.42529296875 2 0.0503125 0.40791015625 2 0.062890625 0.458984375 2 0.059609375 0.4423828125 2 0.056406250000000005 0.425390625 2 0.0 0.0 0.0 0.0 0.0 0.0 0.0 0.0 0.0 0.0 0.0 0.0
1 0.564453125 0.494130859375 0.04921875 0.07810546875 0.5510171875000001 0.51721875 2 0.55503828125 0.4971708984375 2 0.55740703125 0.4812080078125 2 0.56671484375 0.45655859375 2 0.5752507812500001 0.517890625 2 0.5727140625 0.498333984375 2 0.5715296875 0.4809970703125 2 0.0 0.0 0.0 0.0 0.0 0.0 0.0 0.0 0.0 0.0 0.0 0.0
0 0.09375 0.3974609375 0.0296875 0.046875 0.08575234375 0.4126884765625 2 0.08704921875 0.4008935546875 2 0.08882812500000001 0.38857421875 2 0.093046875 0.3759765625 2 0.10112890625 0.4126005859375 2 0.0996875 0.40078125 2 0.097578125 0.388671875 2 0.0 0.0 0.0 0.0 0.0 0.0 0.0 0.0 0.0 0.0 0.0 0.0
0 0.179296875 0.37939453125 0.02421875 0.0380859375 0.17250000000000001 0.391796875 2 0.17359375 0.3818359375 2 0.17546875 0.37158203125 2 0.178984375 0.36201171875 2 0.18492187499999999 0.39169921875 2 0.18375 0.38212890625 2 0.182109375 0.37197265625 2 0.0 0.0 0.0 0.0 0.0 0.0 0.0 0.0 0.0 0.0 0.0 0.0
1 0.546875 0.43701171875 0.0359375 0.0537109375 0.5393749999999999 0.4521484375 2 0.54203125 0.43720703125 2 0.54359375 0.42607421875 2 0.547734375 0.41171875 2 0.55625 0.452734375 2 0.55359375 0.4375 2 0.5525781249999999 0.4259765625 2 0.0 0.0 0.0 0.0 0.0 0.0 0.0 0.0 0.0 0.0 0.0 0.0
1 0.613671875 0.39013671875 0.02265625 0.0361328125 0.60859375 0.4013671875 2 0.610546875 0.39169921875 2 0.61171875 0.38427734375 2 0.6150781249999999 0.37392578125 2 0.62039921875 0.4015927734375 2 0.6194531249999999 0.3916015625 2 0.6190625 0.38427734375 2 0.0 0.0 0.0 0.0 0.0 0.0 0.0 0.0 0.0 0.0 0.0 0.0
1 0.766796875 0.38330078125 0.01953125 0.0302734375 0.7622656250000001 0.39326171875 2 0.76359375 0.38447265625 2 0.765390625 0.378125 2 0.768671875 0.37099609375 2 0.7715625 0.3935546875 2 0.77171875 0.38515625 2 0.77109375 0.378515625 2 0.0 0.0 0.0 0.0 0.0 0.0 0.0 0.0 0.0 0.0 0.0 0.0
1 0.562109375 0.40283203125 0.02578125 0.0400390625 0.55612890625 0.414818359375 2 0.5573390625 0.4048388671875 2 0.55822578125 0.396572265625 2 0.5614515625000001 0.384173828125 2 0.5685484375 0.414818359375 2 0.5666125 0.405443359375 2 0.56612890625 0.3967744140625 2 0.0 0.0 0.0 0.0 0.0 0.0 0.0 0.0 0.0 0.0 0.0 0.0
1 0.8859375 0.388671875 0.01875 0.029296875 0.881640625 0.39775390625 2 0.8828125 0.390234375 2 0.883984375 0.38271484375 2 0.88703125 0.3755859375 2 0.8909375 0.3978515625 2 0.890390625 0.3900390625 2 0.889609375 0.383203125 2 0.0 0.0 0.0 0.0 0.0 0.0 0.0 0.0 0.0 0.0 0.0 0.0
1 0.6828125 0.3837890625 0.0203125 0.033203125 0.678828125 0.3939453125 2 0.6798437500000001 0.3859375 2 0.6814843749999999 0.37861328125 2 0.6839062499999999 0.37099609375 2 0.688359375 0.39384765625 2 0.6876562500000001 0.38623046875 2 0.686484375 0.37890625 2 0.0 0.0 0.0 0.0 0.0 0.0 0.0 0.0 0.0 0.0 0.0 0.0
0 0.7953125 0.369140625 0.0140625 0.0234375 0.7911718750000001 0.37724609375 2 0.792109375 0.37060546875 2 0.793203125 0.36396484375 2 0.7950781250000001 0.35908203125 2 0.7991406249999999 0.37734375 2 0.79734375 0.37060546875 2 0.796875 0.3640625 2 0.0 0.0 0.0 0.0 0.0 0.0 0.0 0.0 0.0 0.0 0.0 0.0
0 0.9609375 0.37646484375 0.015625 0.0244140625 0.9571875000000001 0.3845703125 2 0.9578125 0.37880859375 2 0.9598437499999999 0.37080078125 2 0.9623437499999999 0.36552734375 2 0.9649218749999999 0.38486328125 2 0.9637499999999999 0.37861328125 2 0.96328125 0.37099609375 2 0.0 0.0 0.0 0.0 0.0 0.0 0.0 0.0 0.0 0.0 0.0 0.0
0 0.688671875 0.3623046875 0.01328125 0.021484375 0.68453125 0.369921875 1 0.685078125 0.36435546875 2 0.686484375 0.3583984375 2 0.6880468750000001 0.35380859375 2 0.691640625 0.36962890625 2 0.69015625 0.36435546875 2 0.689375 0.35830078125 2 0.0 0.0 0.0 0.0 0.0 0.0 0.0 0.0 0.0 0.0 0.0 0.0
0 0.892578125 0.372802734375 0.01484375 0.02294921875 0.8882031250000001 0.38095703125 1 0.8890625 0.3751953125 1 0.8907812500000001 0.36865234375 2 0.89296875 0.36337890625 2 0.895546875 0.380859375 2 0.8953125 0.37509765625 2 0.8944531250000001 0.36865234375 2 0.0 0.0 0.0 0.0 0.0 0.0 0.0 0.0 0.0 0.0 0.0 0.0
1 0.837109375 0.84521484375 0.15078125 0.2216796875 0.80236171875 0.8808642578125 2 0.8144515625000001 0.8395048828125 2 0.82463203125 0.793771484375 2 0.85008359375 0.73730078125 2 0.872671875 0.911087890625 2 0.86821796875 0.851435546875 2 0.8631273437500001 0.800134765625 2 0.0 0.0 0.0 0.0 0.0 0.0 0.0 0.0 0.0 0.0 0.0 0.0
1 0.5984375 0.58056640625 0.071875 0.1103515625 0.5799359374999999 0.61165625 2 0.58559921875 0.581984375 2 0.5913984375 0.5606083984375 2 0.603553125 0.52716015625 2 0.61596953125 0.6142587890625 2 0.61301484375 0.5862666015625 2 0.6105265625 0.561580078125 2 0.0 0.0 0.0 0.0 0.0 0.0 0.0 0.0 0.0 0.0 0.0 0.0
0 0.283203125 0.3681640625 0.02109375 0.033203125 0.278203125 0.37890625 2 0.27859375000000003 0.3705078125 2 0.28054687500000003 0.36162109375 2 0.28359375 0.35244140625 2 0.288125 0.3791015625 2 0.28703124999999996 0.37060546875 2 0.285625 0.36162109375 2 0.0 0.0 0.0 0.0 0.0 0.0 0.0 0.0 0.0 0.0 0.0 0.0
