1 0.636328125 0.54443359375 0.05859375 0.0927734375 0.62003203125 0.5708935546875 2 0.62556875 0.5457919921875 2 0.630296875 0.5277978515625 2 0.64042890625 0.5002431640625 2 0.65236171875 0.5730654296875 2 0.648759375 0.549166015625 2 0.6469578125 0.528640625 2 0.0 0.0 0.0 0.0 0.0 0.0 0.0 0.0 0.0 0.0 0.0 0.0
1 0.753515625 0.49072265625 0.04609375 0.0693359375 0.74087109375 0.5093857421875 2 0.74572578125 0.4913466796875 2 0.7489421875 0.4772861328125 2 0.7576546875 0.456865234375 2 0.76516015625 0.5132734375 2 0.763015625 0.4933544921875 2 0.7620773437499999 0.478625 2 0.0 0.0 0.0 0.0 0.0 0.0 0.0 0.0 0.0 0.0 0.0 0.0
0 0.105078125 0.44287109375 0.04296875 0.0634765625 0.09373515624999999 0.4616962890625 2 0.096003125 0.44706640625 2 0.09776640625000001 0.428974609375 2 0.10452109375 0.4114111328125 2 0.1169140625 0.462640625 2 0.11326093749999999 0.4469091796875 2 0.1112453125 0.4291318359375 2 0.0 0.0 0.0 0.0 0.0 0.0 0.0 0.0 0.0 0.0 0.0 0.0
1 0.65546875 0.6743046875 0.096875 0.145484375 0.6270859375 0.7097958984375 2 0.6371875 0.6753125 2 0.64439453125 0.6407333984375 2 0.6597125 0.6064951171875 2 0.67915546875 0.7143232421875 2 0.674846875 0.6808330078125 2 0.669928125 0.6460048828125 2 0.0 0.0 0.0 0.0 0.0 0.0 0.0 0.0 0.0 0.0 0.0 0.0
0 0.341796875 0.42724609375 0.03359375 0.0537109375 0.3318140625 0.4443115234375 2 0.33378593749999996 0.432232421875 2 0.3354765625 0.415111328125 2 0.3411984375 0.401171875 2 0.35106484375 0.4443115234375 2 0.3482328125 0.43171875 2 0.3460875 0.415931640625 2 0.0 0.0 0.0 0.0 0.0 0.0 0.0 0.0 0.0 0.0 0.0 0.0
0 0.48203125 0.4140625 0.028125 0.044921875 0.47356015625000003 0.4287978515625 2 0.47549453125 0.4174921875 2 0.47715312499999996 0.403685546875 2 0.48281953125 0.392466796875 2 0.48924609375 0.4287978515625 2 0.48772578125 0.417923828125 2 0.4859984375 0.404203125 2 0.0 0.0 0.0 0.0 0.0 0.0 0.0 0.0 0.0 0.0 0.0 0.0
1 0.937109375 0.44580078125 0.03203125 0.0478515625 0.9281656249999999 0.4591416015625 2 0.9319765625 0.44628515625 2 0.9343195312500001 0.43547265625 2 0.9408382812499999 0.4224990234375 2 0.9455234375 0.460658203125 2 0.9443015625 0.4467939453125 2 0.94409765625 0.436236328125 2 0.0 0.0 0.0 0.0 0.0 0.0 0.0 0.0 0.0 0.0 0.0 0.0
1 0.8953125 0.470703125 0.0375 0.05859375 0.88503828125 0.48653125 2 0.8882820312499999 0.471751953125 2 0.8912875 0.45868359375 2 0.8994140625 0.442140625 2 0.9050914062500001 0.48912890625 2 0.9039781250000001 0.4730029296875 2 0.9035328125 0.4597958984375 2 0.0 0.0 0.0 0.0 0.0 0.0 0.0 0.0 0.0 0.0 0.0 0.0
1 0.904296875 0.412109375 0.02265625 0.037109375 0.8980335937499999 0.4224091796875 2 0.899534375 0.412421875 2 0.9012453125000001 0.404931640625 2 0.90667578125 0.3945205078125 2 0.9102921875 0.423349609375 2 0.90958203125 0.413431640625 2 0.9095054687499999 0.405599609375 2 0.0 0.0 0.0 0.0 0.0 0.0 0.0 0.0 0.0 0.0 0.0 0.0
1 0.966015625 0.4058984375 0.01953125 0.0325 0.9591203125 0.41463671875 2 0.961621875 0.406595703125 2 0.963496875 0.3994892578125 2 0.9684359375 0.3901982421875 2 0.97162421875 0.4161982421875 2 0.97106171875 0.4075322265625 2 0.9708117187499999 0.4005048828125 2 0.0 0.0 0.0 0.0 0.0 0.0 0.0 0.0 0.0 0.0 0.0 0.0
