0 0.551171875 0.55808544921875 0.07265625 0.1103115234375 0.53327734375 0.5924716796875 2 0.5391468749999999 0.5631865234375 2 0.542828125 0.535451171875 2 0.55290703125 0.505078125 2 0.57062578125 0.593896484375 2 0.56706171875 0.5634267578125 2 0.56221484375 0.5342041015625 2 0.0 0.0 0.0 0.0 0.0 0.0 0.0 0.0 0.0 0.0 0.0 0.0
0 0.16015625 0.4140625 0.0296875 0.046875 0.152578125 0.432421875 2 0.153984375 0.41826171875 2 0.15484375 0.4056640625 2 0.158671875 0.39130859375 2 0.16999999999999998 0.43134765625 2 0.166796875 0.41748046875 2 0.1640625 0.4046875 2 0.0 0.0 0.0 0.0 0.0 0.0 0.0 0.0 0.0 0.0 0.0 0.0
0 0.63515625 0.35633154296875 0.021875 0.0349287109375 0.6314062500000001 0.36806640625 2 0.63203125 0.358984375 2 0.6331249999999999 0.3494140625 2 0.635625 0.3408203125 2 0.64109375 0.36796875 2 0.6403125000000001 0.359765625 2 0.63906640625 0.3495751953125 2 0.0 0.0 0.0 0.0 0.0 0.0 0.0 0.0 0.0 0.0 0.0 0.0
1 0.0725390625 0.384765625 0.023203124999999998 0.03515625 0.06671875000000001 0.396875 2 0.066953125 0.386328125 2 0.0675 0.3779296875 2 0.06921875 0.3677734375 2 0.077578125 0.3962890625 2 0.07523437499999999 0.38623046875 2 0.072890625 0.378125 2 0.0 0.0 0.0 0.0 0.0 0.0 0.0 0.0 0.0 0.0 0.0 0.0
0 0.2625 0.39306640625 0.0265625 0.0419921875 0.25561796875 0.4078486328125 2 0.25628281249999996 0.3971884765625 2 0.25761171875 0.3852822265625 2 0.26140625 0.3740234375 2 0.27057031249999997 0.40743359375 2 0.26813359375 0.39649609375 2 0.26591796875 0.38514453125 2 0.0 0.0 0.0 0.0 0.0 0.0 0.0 0.0 0.0 0.0 0.0 0.0
0 0.782421875 0.401638671875 0.03359375 0.05327734375 0.7734375 0.42119140625 2 0.7765593749999999 0.4055966796875 2 0.77939765625 0.3911435546875 2 0.784296875 0.37626953125 2 0.7926562500000001 0.4212890625 2 0.790390625 0.40556640625 2 0.7879109375 0.3910126953125 2 0.0 0.0 0.0 0.0 0.0 0.0 0.0 0.0 0.0 0.0 0.0 0.0
0 0.38359375 0.373779296875 0.0203125 0.03662109375 0.37734375 0.38681640625 2 0.37875000000000003 0.3779296875 2 0.3802296875 0.366982421875 2 0.3828125 0.3564453125 2 0.39015625 0.3869140625 2 0.388359375 0.37744140625 2 0.38601718749999997 0.36692578125 2 0.0 0.0 0.0 0.0 0.0 0.0 0.0 0.0 0.0 0.0 0.0 0.0
0 0.498046875 0.3625 0.01953125 0.03359375 0.4928125 0.3748046875 2 0.49375 0.3662109375 2 0.495 0.35625 2 0.4978296875 0.346763671875 2 0.5042187499999999 0.3744140625 2 0.503046875 0.36591796875 2 0.5014062499999999 0.3564453125 2 0.0 0.0 0.0 0.0 0.0 0.0 0.0 0.0 0.0 0.0 0.0 0.0
1 0.56875 0.3369140625 0.015625 0.025390625 0.564921875 0.34609375 2 0.56578125 0.3390625 2 0.566796875 0.3322265625 2 0.56875 0.32490234375 2 0.57285625 0.3460146484375 2 0.571484375 0.3388671875 2 0.570546875 0.3322265625 2 0.0 0.0 0.0 0.0 0.0 0.0 0.0 0.0 0.0 0.0 0.0 0.0
1 0.702734375 0.33154296875 0.01640625 0.0263671875 0.69875 0.340625 2 0.699609375 0.333203125 2 0.700234375 0.32734375 2 0.70234375 0.31943359375 2 0.707265625 0.34072265625 2 0.705703125 0.33291015625 2 0.7052343750000001 0.326953125 2 0.0 0.0 0.0 0.0 0.0 0.0 0.0 0.0 0.0 0.0 0.0 0.0
1 0.8359375 0.33056640625 0.0171875 0.0283203125 0.83140625 0.3392578125 2 0.83265625 0.33154296875 2 0.8340624999999999 0.325 2 0.8360156249999999 0.31708984375 2 0.8403124999999999 0.3396484375 2 0.83890625 0.33125 2 0.8380468750000001 0.3248046875 2 0.0 0.0 0.0 0.0 0.0 0.0 0.0 0.0 0.0 0.0 0.0 0.0
0 0.7625 0.36142578125 0.0234375 0.0373046875 0.757421875 0.37509765625 2 0.758984375 0.3640625 2 0.76078125 0.3541015625 2 0.7638281250000001 0.34345703125 2 0.7696875000000001 0.37490234375 2 0.7681250000000001 0.36416015625 2 0.766953125 0.35400390625 2 0.0 0.0 0.0 0.0 0.0 0.0 0.0 0.0 0.0 0.0 0.0 0.0
1 0.98046875 0.3330078125 0.0203125 0.033203125 0.974921875 0.34404296875 2 0.9767187500000001 0.3357421875 2 0.977890625 0.32724609375 2 0.980859375 0.31826171875 2 0.985625 0.3443359375 2 0.983984375 0.33544921875 2 0.982734375 0.32744140625 2 0.0 0.0 0.0 0.0 0.0 0.0 0.0 0.0 0.0 0.0 0.0 0.0
0 0.7987890625 0.3763671875 0.028828125 0.045703125 0.79116953125 0.3919326171875 2 0.79190546875 0.3799755859375 2 0.7936921875 0.367625 2 0.7974218750000001 0.354296875 2 0.8055468749999999 0.3923828125 2 0.8041406249999999 0.3798828125 2 0.80171875 0.367578125 2 0.0 0.0 0.0 0.0 0.0 0.0 0.0 0.0 0.0 0.0 0.0 0.0
1 0.398046875 0.350146484375 0.01640625 0.02841796875 0.39382812500000003 0.3603515625 2 0.39437500000000003 0.35224609375 2 0.395703125 0.34580078125 2 0.397578125 0.337109375 2 0.40265625 0.36005859375 2 0.40140624999999996 0.35234375 2 0.40031249999999996 0.34580078125 2 0.0 0.0 0.0 0.0 0.0 0.0 0.0 0.0 0.0 0.0 0.0 0.0
0 0.097265625 0.87890625 0.17109375 0.240234375 0.05974375 0.951365234375 2 0.06532265625 0.887146484375 2 0.07010546875 0.831857421875 2 0.08485000000000001 0.7621962890625 2 0.1401765625 0.91969140625 2 0.1257640625 0.8705830078125 2 0.1120484375 0.8211845703125 2 0.0 0.0 0.0 0.0 0.0 0.0 0.0 0.0 0.0 0.0 0.0 0.0
0 0.723828125 0.4441611328125 0.04765625 0.069962890625 0.71288984375 0.4695224609375 2 0.7157 0.449611328125 2 0.7187484375000001 0.4318740234375 2 0.72472109375 0.4119677734375 2 0.736125 0.4702353515625 2 0.7334171875 0.4502783203125 2 0.7311359375 0.431568359375 2 0.0 0.0 0.0 0.0 0.0 0.0 0.0 0.0 0.0 0.0 0.0 0.0
1 0.23515625 0.3642578125 0.01875 0.03125 0.23125 0.37568359375 2 0.232109375 0.36669921875 2 0.2321875 0.35888671875 2 0.234296875 0.35029296875 2 0.240546875 0.37548828125 2 0.23929687500000002 0.366796875 2 0.237109375 0.35888671875 2 0.0 0.0 0.0 0.0 0.0 0.0 0.0 0.0 0.0 0.0 0.0 0.0
