0 0.2984375 0.65283203125 0.1 0.1455078125 0.27549999999999997 0.69726171875 2 0.27940624999999997 0.6592060546875 2 0.283053125 0.6231025390625 2 0.2919078125 0.5840712890625 2 0.32394375000000003 0.688154296875 2 0.3138875 0.6567119140625 2 0.307275 0.622126953125 2 0.0 0.0 0.0 0.0 0.0 0.0 0.0 0.0 0.0 0.0 0.0 0.0
0 0.553125 0.3828125 0.028125 0.04296875 0.54744375 0.39754296875 2 0.548453125 0.38600390625 2 0.55000625 0.3738828125 2 0.5528515625 0.3620830078125 2 0.56111015625 0.39754296875 2 0.559634375 0.386294921875 2 0.55746015625 0.3738828125 2 0.0 0.0 0.0 0.0 0.0 0.0 0.0 0.0 0.0 0.0 0.0 0.0
0 0.587109375 0.45458984375 0.04296875 0.0693359375 0.5757359375 0.4782802734375 2 0.5791140625 0.45859375 2 0.58136640625 0.4396875 2 0.58702109375 0.4213740234375 2 0.6001335937500001 0.4792177734375 2 0.59713046875 0.45953125 2 0.594003125 0.44046875 2 0.0 0.0 0.0 0.0 0.0 0.0 0.0 0.0 0.0 0.0 0.0 0.0
1 0.932421875 0.3642578125 0.02890625 0.04296875 0.92425390625 0.37839453125 2 0.926109375 0.367333984375 2 0.9282187499999999 0.3563798828125 2 0.93285703125 0.3441611328125 2 0.9398578125 0.379552734375 2 0.93774921875 0.3670185546875 2 0.9367374999999999 0.3565908203125 2 0.0 0.0 0.0 0.0 0.0 0.0 0.0 0.0 0.0 0.0 0.0 0.0
0 0.613671875 0.4052734375 0.03203125 0.052734375 0.60569375 0.4226982421875 2 0.60756171875 0.4089443359375 2 0.60923359375 0.3945771484375 2 0.6142484375 0.3794736328125 2 0.622803125 0.4226982421875 2 0.6203453125 0.4091904296875 2 0.618771875 0.3947001953125 2 0.0 0.0 0.0 0.0 0.0 0.0 0.0 0.0 0.0 0.0 0.0 0.0
0 0.184375 0.38671875 0.021875 0.037109375 0.17905 0.3999677734375 2 0.1794734375 0.3899072265625 2 0.18039296875 0.3791396484375 2 0.18286640625 0.369078125 2 0.19148828125 0.3989970703125 2 0.18943828125 0.389376953125 2 0.18724765625 0.37931640625 2 0.0 0.0 0.0 0.0 0.0 0.0 0.0 0.0 0.0 0.0 0.0 0.0
0 0.32109375 0.3779296875 0.021875 0.037109375 0.31510390625 0.3907958984375 2 0.31629375 0.38083203125 2 0.31727343750000003 0.3704296875 2 0.32014375 0.36046484375 2 0.32805234375 0.3901845703125 2 0.32623281249999997 0.380744140625 2 0.3241328125 0.3701669921875 2 0.0 0.0 0.0 0.0 0.0 0.0 0.0 0.0 0.0 0.0 0.0 0.0
1 0.58828125 0.34619140625 0.01875 0.0302734375 0.58281328125 0.356521484375 2 0.58406328125 0.3484794921875 2 0.5853140625 0.340515625 2 0.58777890625 0.33090234375 2 0.5933796874999999 0.3559755859375 2 0.59200390625 0.3484013671875 2 0.5906906249999999 0.34059375 2 0.0 0.0 0.0 0.0 0.0 0.0 0.0 0.0 0.0 0.0 0.0 0.0
1 0.7567769531249999 0.35009765625 0.02136640625 0.0341796875 0.7503062500000001 0.3623935546875 2 0.75166015625 0.3521630859375 2 0.7533375 0.343462890625 2 0.7566921875 0.3334736328125 2 0.76204609375 0.3621513671875 2 0.7608203125 0.3522431640625 2 0.759271875 0.34354296875 2 0.0 0.0 0.0 0.0 0.0 0.0 0.0 0.0 0.0 0.0 0.0 0.0
1 0.11171875 0.36865234375 0.01875 0.0283203125 0.10674609374999999 0.3786904296875 2 0.10768437500000001 0.3700244140625 2 0.10887187499999999 0.3628408203125 2 0.11081015624999999 0.355033203125 2 0.11781250000000001 0.37814453125 2 0.11587499999999999 0.3701025390625 2 0.11412421875 0.3631533203125 2 0.0 0.0 0.0 0.0 0.0 0.0 0.0 0.0 0.0 0.0 0.0 0.0
0 0.457421875 0.3744140625 0.02421875 0.037890625 0.45136875 0.3871279296875 2 0.45249375000000003 0.3771337890625 2 0.45349453124999994 0.3664375 2 0.4567453125 0.356130859375 2 0.46443593749999995 0.3868935546875 2 0.46218515625 0.3772119140625 2 0.460559375 0.3664375 2 0.0 0.0 0.0 0.0 0.0 0.0 0.0 0.0 0.0 0.0 0.0 0.0
1 0.2984375 0.35693359375 0.0171875 0.0283203125 0.2941375 0.3669306640625 2 0.2948875 0.358263671875 2 0.29557578125 0.351158203125 2 0.29822265625 0.3427109375 2 0.304328125 0.3667744140625 2 0.302203125 0.358498046875 2 0.30107734375 0.351314453125 2 0.0 0.0 0.0 0.0 0.0 0.0 0.0 0.0 0.0 0.0 0.0 0.0
1 0.461328125 0.34912109375 0.01640625 0.0283203125 0.45608671875000006 0.3594697265625 1 0.45721249999999997 0.350802734375 2 0.45815 0.343306640625 2 0.46062578125 0.33450390625 2 0.466653125 0.3591572265625 2 0.46496484374999997 0.350646484375 2 0.46390234374999995 0.343228515625 2 0.0 0.0 0.0 0.0 0.0 0.0 0.0 0.0 0.0 0.0 0.0 0.0
