0 0.369921875 0.6213994140625 0.08671875 0.131470703125 0.347303125 0.661654296875 2 0.349628125 0.625623046875 2 0.35265 0.5945302734375 2 0.36153828125 0.5576552734375 2 0.38984453124999996 0.654390625 2 0.3851953125 0.6201015625 2 0.37675546875 0.5901162109375 2 0.0 0.0 0.0 0.0 0.0 0.0 0.0 0.0 0.0 0.0 0.0 0.0
0 0.504296875 0.38818359375 0.02890625 0.0458984375 0.49797734374999997 0.4044765625 2 0.4994171875 0.3909541015625 2 0.5006078125 0.379876953125 2 0.5048703125 0.3665 2 0.51248828125 0.4037958984375 2 0.51085546875 0.390986328125 2 0.5090414062499999 0.379763671875 2 0.0 0.0 0.0 0.0 0.0 0.0 0.0 0.0 0.0 0.0 0.0 0.0
1 0.846484375 0.36328125 0.02890625 0.04296875 0.8396132812499999 0.376939453125 2 0.841721875 0.36512890625 2 0.843128125 0.354783203125 2 0.8471125 0.343265625 2 0.85476796875 0.377037109375 2 0.8530492187500001 0.3660078125 2 0.8508625000000001 0.354978515625 2 0.0 0.0 0.0 0.0 0.0 0.0 0.0 0.0 0.0 0.0 0.0 0.0
1 0.7359375 0.34521240234375 0.021875 0.0322216796875 0.72883359375 0.3566962890625 2 0.7307117187500001 0.3466181640625 2 0.7319125 0.3385546875 2 0.73495390625 0.329630859375 2 0.740903125 0.3561083984375 2 0.73875390625 0.346828125 2 0.7377953125000001 0.3387578125 2 0.0 0.0 0.0 0.0 0.0 0.0 0.0 0.0 0.0 0.0 0.0 0.0
1 0.664453125 0.33447265625 0.01796875 0.0283203125 0.65914453125 0.344126953125 2 0.66055 0.336611328125 2 0.66226875 0.328509765625 2 0.66445625 0.3212861328125 2 0.6689093749999999 0.343833984375 2 0.667503125 0.336513671875 2 0.666878125 0.328998046875 2 0.0 0.0 0.0 0.0 0.0 0.0 0.0 0.0 0.0 0.0 0.0 0.0
1 0.5609375 0.31982421875 0.0125 0.0205078125 0.5575046875 0.327041015625 2 0.5585203125 0.3215751953125 2 0.5593796875 0.31640234375 2 0.5608640625 0.3106435546875 2 0.5645359375 0.326650390625 2 0.5636765625 0.3215751953125 2 0.5627390625 0.31620703125 2 0.0 0.0 0.0 0.0 0.0 0.0 0.0 0.0 0.0 0.0 0.0 0.0
0 0.431640625 0.36031689453125 0.02109375 0.0350869140625 0.42630937500000005 0.37158203125 2 0.42777109375 0.3632353515625 2 0.42891874999999996 0.3538447265625 2 0.43177421875000005 0.3440546875 2 0.43695625 0.3709296875 2 0.4359453125 0.363326171875 2 0.43403359375 0.35371484375 2 0.0 0.0 0.0 0.0 0.0 0.0 0.0 0.0 0.0 0.0 0.0 0.0
1 0.59453125 0.3251953125 0.0140625 0.0234375 0.59078515625 0.3327021484375 2 0.59156640625 0.326748046875 2 0.5923476562500001 0.3205009765625 2 0.59437890625 0.31425390625 2 0.59859765625 0.3329951171875 2 0.59726953125 0.326845703125 2 0.59648828125 0.3204033203125 2 0.0 0.0 0.0 0.0 0.0 0.0 0.0 0.0 0.0 0.0 0.0 0.0
1 0.51875 0.316650390625 0.0109375 0.01806640625 0.51508203125 0.3232294921875 2 0.51594140625 0.318154296875 2 0.51648828125 0.3136640625 2 0.5181289062500001 0.3085888671875 2 0.5213320312499999 0.3229365234375 2 0.5202382812499999 0.3186416015625 2 0.51984765625 0.31356640625 2 0.0 0.0 0.0 0.0 0.0 0.0 0.0 0.0 0.0 0.0 0.0 0.0
0 0.376171875 0.32470703125 0.01015625 0.0185546875 0.37328671875 0.3316318359375 2 0.37391171875 0.3272392578125 2 0.37438046875 0.32206640625 2 0.37617734375 0.316697265625 2 0.3802390625 0.3313388671875 2 0.3793796875 0.3271416015625 2 0.37875468749999996 0.321578125 2 0.0 0.0 0.0 0.0 0.0 0.0 0.0 0.0 0.0 0.0 0.0 0.0
0 0.40324218749999996 0.3359375 0.012734375000000001 0.0234375 0.39945703125 0.344517578125 2 0.40000390625 0.3389541015625 2 0.40094140625 0.3316337890625 2 0.40328125000000004 0.325 2 0.407346875 0.3442255859375 2 0.4064875 0.3389521484375 2 0.40555078125 0.3317314453125 2 0.0 0.0 0.0 0.0 0.0 0.0 0.0 0.0 0.0 0.0 0.0 0.0
0 0.420703125 0.345654296875 0.01640625 0.02919921875 0.41555859375 0.355931640625 2 0.416915625 0.34862890625 2 0.41828125 0.34072265625 2 0.420546875 0.33203125 2 0.42516171875 0.3558017578125 2 0.42374999999999996 0.34833984375 2 0.422734375 0.3408203125 2 0.0 0.0 0.0 0.0 0.0 0.0 0.0 0.0 0.0 0.0 0.0 0.0
0 0.3912109375 0.329736328125 0.010546875 0.02080078125 0.3867234375 0.33690234375 2 0.3875828125 0.3307529296875 2 0.38844218750000004 0.325384765625 2 0.3898484375 0.3203095703125 2 0.39422265625 0.33670703125 2 0.39289453124999996 0.3305576171875 2 0.39250390625 0.325482421875 2 0.0 0.0 0.0 0.0 0.0 0.0 0.0 0.0 0.0 0.0 0.0 0.0
0 0.5203125 0.44837744140625 0.0421875 0.0666767578125 0.5094046875 0.47033984375 2 0.51139140625 0.4522216796875 2 0.51321328125 0.434517578125 2 0.52019609375 0.415359375 2 0.53089765625 0.4697734375 2 0.52885859375 0.4518544921875 2 0.52645390625 0.4333837890625 2 0.0 0.0 0.0 0.0 0.0 0.0 0.0 0.0 0.0 0.0 0.0 0.0
