0 0.48828125 0.39892578125 0.0328125 0.0498046875 0.4805359375 0.4177646484375 2 0.48293984375 0.4034931640625 2 0.483840625 0.389345703125 2 0.487946875 0.37499609375 2 0.49766171875 0.417138671875 2 0.49555859375000005 0.4031171875 2 0.49265468749999997 0.389220703125 2 0.0 0.0 0.0 0.0 0.0 0.0 0.0 0.0 0.0 0.0 0.0 0.0
0 0.38515625 0.38744677734375 0.028125 0.0444248046875 0.377925 0.401486328125 2 0.37887734375000004 0.389494140625 2 0.37998750000000003 0.3782939453125 2 0.38436015625 0.365455078125 2 0.39307578125 0.4015859375 2 0.39014140625 0.38909765625 2 0.38840078125 0.3777158203125 2 0.0 0.0 0.0 0.0 0.0 0.0 0.0 0.0 0.0 0.0 0.0 0.0
0 0.546484375 0.43198095703125 0.03984375 0.0651337890625 0.5359882812500001 0.4535537109375 2 0.53898828125 0.4353740234375 2 0.540978125 0.4199140625 2 0.5459609375000001 0.4026689453125 2 0.55818828125 0.4533662109375 2 0.55514921875 0.43587890625 2 0.55209765625 0.4196591796875 2 0.0 0.0 0.0 0.0 0.0 0.0 0.0 0.0 0.0 0.0 0.0 0.0
1 0.726171875 0.3583984375 0.02578125 0.0390625 0.7184484375 0.3712890625 2 0.7204304687499999 0.3589375 2 0.7220109375 0.349791015625 2 0.72531953125 0.33956640625 2 0.73181328125 0.371068359375 2 0.73009375 0.359337890625 2 0.72901171875 0.3502646484375 2 0.0 0.0 0.0 0.0 0.0 0.0 0.0 0.0 0.0 0.0 0.0 0.0
0 0.491015625 0.51025390625 0.05390625 0.0908203125 0.47611875000000003 0.538166015625 2 0.48104140624999997 0.513818359375 2 0.483146875 0.4904775390625 2 0.49063515625000004 0.464666015625 2 0.50770703125 0.538421875 2 0.50339921875 0.5143310546875 2 0.49847656249999994 0.4897275390625 2 0.0 0.0 0.0 0.0 0.0 0.0 0.0 0.0 0.0 0.0 0.0 0.0
0 0.075 0.401353515625 0.0265625 0.04294140625 0.06928984375 0.4168544921875 2 0.06918984375000001 0.40494921875 2 0.07034140625 0.393216796875 2 0.07416796875000001 0.381626953125 2 0.08423515625 0.415783203125 2 0.08187265625 0.4053828125 2 0.078790625 0.39318359375 2 0.0 0.0 0.0 0.0 0.0 0.0 0.0 0.0 0.0 0.0 0.0 0.0
1 0.922265625 0.376953125 0.03359375 0.048828125 0.91299375 0.3931865234375 2 0.91574453125 0.3794384765625 2 0.91743671875 0.3682021484375 2 0.92243984375 0.35330078125 2 0.9317195312500001 0.3930537109375 2 0.9293921875000001 0.379703125 2 0.9272765625 0.3680703125 2 0.0 0.0 0.0 0.0 0.0 0.0 0.0 0.0 0.0 0.0 0.0 0.0
0 0.232421875 0.390625 0.02578125 0.0390625 0.22515234374999998 0.405369140625 2 0.226509375 0.3933984375 2 0.2274671875 0.3822265625 2 0.23141796874999998 0.3711904296875 2 0.23976171875 0.4050693359375 2 0.23784531250000002 0.3938974609375 2 0.23529140625 0.3824267578125 2 0.0 0.0 0.0 0.0 0.0 0.0 0.0 0.0 0.0 0.0 0.0 0.0
1 0.404296875 0.35508349609375 0.01953125 0.0324326171875 0.40000390625 0.365705078125 2 0.40070703124999996 0.356919921875 2 0.40161406250000004 0.348576171875 2 0.40430625 0.3398642578125 2 0.41055078125 0.365705078125 2 0.40851953124999996 0.356724609375 2 0.40701328124999997 0.3486982421875 2 0.0 0.0 0.0 0.0 0.0 0.0 0.0 0.0 0.0 0.0 0.0 0.0
1 0.542578125 0.35139990234375 0.02109375 0.0348310546875 0.53752265625 0.363806640625 2 0.538675 0.3542802734375 2 0.539925 0.345203125 2 0.5428843750000001 0.3357724609375 2 0.54853984375 0.3639326171875 2 0.547346875 0.3542802734375 2 0.545940625 0.345203125 2 0.0 0.0 0.0 0.0 0.0 0.0 0.0 0.0 0.0 0.0 0.0 0.0
1 0.2251953125 0.36376953125 0.016015625 0.0302734375 0.22117578125 0.37469140625 2 0.22164531250000002 0.36601171875 2 0.2223484375 0.3576171875 2 0.22440312499999998 0.348443359375 2 0.2318 0.3747890625 1 0.23039375 0.36561328125 2 0.22836328125 0.3575205078125 2 0.0 0.0 0.0 0.0 0.0 0.0 0.0 0.0 0.0 0.0 0.0 0.0
1 0.017578125 0.37759521484375 0.01953125 0.0325341796875 0.01232734375 0.3888173828125 2 0.01356015625 0.3799580078125 2 0.01397109375 0.3723818359375 2 0.016025 0.3617236328125 2 0.0244484375 0.3879189453125 2 0.02198359375 0.3791875 2 0.0204421875 0.3717392578125 2 0.0 0.0 0.0 0.0 0.0 0.0 0.0 0.0 0.0 0.0 0.0 0.0
