0 0.56328125 0.51953125 0.05625 0.09375 0.5471640625 0.5503837890625 2 0.5510796874999999 0.5235966796875 2 0.554534375 0.49883984375 2 0.56261640625 0.474279296875 2 0.5794117187500001 0.54951953125 2 0.575265625 0.5244609375 2 0.57111953125 0.4999775390625 2 0.0 0.0 0.0 0.0 0.0 0.0 0.0 0.0 0.0 0.0 0.0 0.0
0 0.59921875 0.41357421875 0.034375 0.0556640625 0.590890625 0.4328974609375 2 0.5930171875 0.417607421875 2 0.5948781249999999 0.4024833984375 2 0.59953046875 0.3880234375 2 0.609365625 0.4322333984375 2 0.6075046875 0.4177734375 2 0.604846875 0.4024833984375 2 0.0 0.0 0.0 0.0 0.0 0.0 0.0 0.0 0.0 0.0 0.0 0.0
1 0.910546875 0.35546875 0.02734375 0.041015625 0.90373203125 0.36895703125 2 0.9052695312499999 0.35853515625 2 0.90753515625 0.3481142578125 2 0.91222890625 0.3366796875 2 0.9183781249999999 0.3698681640625 2 0.9170031249999999 0.3583330078125 2 0.915384375 0.3479111328125 2 0.0 0.0 0.0 0.0 0.0 0.0 0.0 0.0 0.0 0.0 0.0 0.0
1 0.826953125 0.3388671875 0.02109375 0.033203125 0.8210867187499999 0.3504765625 2 0.82261796875 0.3418037109375 2 0.82414921875 0.3329052734375 2 0.827571875 0.323669921875 2 0.83270625 0.3504765625 2 0.8314453125 0.341240234375 2 0.83027421875 0.3329052734375 2 0.0 0.0 0.0 0.0 0.0 0.0 0.0 0.0 0.0 0.0 0.0 0.0
1 0.71484375 0.31884765625 0.0140625 0.0224609375 0.71079140625 0.32707421875 2 0.71180703125 0.3208232421875 2 0.71251015625 0.3145712890625 2 0.71524453125 0.30822265625 2 0.719071875 0.326390625 2 0.71805625 0.3210185546875 2 0.717196875 0.3148642578125 2 0.0 0.0 0.0 0.0 0.0 0.0 0.0 0.0 0.0 0.0 0.0 0.0
1 0.749609375 0.32568359375 0.01640625 0.0263671875 0.7447765625 0.3347919921875 2 0.74602578125 0.327173828125 2 0.7468078125 0.3203369140625 2 0.74985390625 0.313107421875 2 0.754071875 0.3343037109375 2 0.7531343749999999 0.327564453125 2 0.752040625 0.32043359375 2 0.0 0.0 0.0 0.0 0.0 0.0 0.0 0.0 0.0 0.0 0.0 0.0
0 0.539453125 0.37060546875 0.02421875 0.0361328125 0.53368046875 0.383328125 2 0.53500859375 0.3729736328125 2 0.53586796875 0.3625224609375 2 0.5394578125 0.3526279296875 2 0.5465695312500001 0.3831328125 2 0.54571015625 0.373365234375 2 0.54328828125 0.3624248046875 2 0.0 0.0 0.0 0.0 0.0 0.0 0.0 0.0 0.0 0.0 0.0 0.0
0 0.05703125 0.35986328125 0.015625 0.0244140625 0.05235546875 0.3692666015625 2 0.052980468749999995 0.3614521484375 2 0.054230468750000003 0.3550048828125 2 0.05587109375 0.34836328125 2 0.0617296875 0.3686806640625 2 0.060479687500000004 0.3615498046875 2 0.0590234375 0.354857421875 2 0.0 0.0 0.0 0.0 0.0 0.0 0.0 0.0 0.0 0.0 0.0 0.0
0 0.258671875 0.33515625 0.01109375 0.01796875 0.25555546875 0.341236328125 2 0.25610234374999996 0.3366455078125 2 0.25696093750000004 0.3312724609375 2 0.2585265625 0.32607421875 2 0.2621171875 0.340845703125 2 0.26125703125 0.33664453125 2 0.2602421875 0.33098046875 2 0.0 0.0 0.0 0.0 0.0 0.0 0.0 0.0 0.0 0.0 0.0 0.0
0 0.1375 0.34814453125 0.0125 0.0205078125 0.1332921875 0.3558857421875 2 0.1336828125 0.350416015625 2 0.1343859375 0.34475 2 0.1366078125 0.3380732421875 2 0.14157265624999998 0.3558857421875 2 0.14055703125000002 0.3505126953125 2 0.13922890625 0.34465234375 2 0.0 0.0 0.0 0.0 0.0 0.0 0.0 0.0 0.0 0.0 0.0 0.0
1 0.12421875 0.34091796875 0.0109375 0.0177734375 0.1204015625 0.34748828125 2 0.12102734374999999 0.3425048828125 2 0.12196484375000001 0.338109375 2 0.1235265625 0.33234765625 2 0.12743203125 0.3471953125 2 0.12672890625 0.3427021484375 2 0.12594765624999998 0.338404296875 2 0.0 0.0 0.0 0.0 0.0 0.0 0.0 0.0 0.0 0.0 0.0 0.0
0 0.540625 0.35009716796875 0.021875 0.0302724609375 0.53493203125 0.3618447265625 2 0.536571875 0.3535419921875 1 0.53770859375 0.3438603515625 2 0.54015078125 0.3364833984375 2 0.54524296875 0.3612587890625 2 0.54430546875 0.3531513671875 2 0.54310625 0.3442158203125 2 0.0 0.0 0.0 0.0 0.0 0.0 0.0 0.0 0.0 0.0 0.0 0.0
0 0.531484375 0.33813427734375 0.017656250000000002 0.0258779296875 0.52672890625 0.34690234375 2 0.52735390625 0.340455078125 2 0.528290625 0.33254296875 2 0.53111015625 0.325751953125 2 0.5353992187500001 0.34729296875 2 0.53438359375 0.340552734375 2 0.533290625 0.33254296875 2 0.0 0.0 0.0 0.0 0.0 0.0 0.0 0.0 0.0 0.0 0.0 0.0
