0 0.419140625 0.498046875 0.05234375 0.0859375 0.40552265624999995 0.5253720703125 2 0.4077890625 0.499369140625 2 0.4106484375 0.4784892578125 2 0.4184609375 0.4559306640625 2 0.4341328125 0.52439453125 2 0.4311625 0.499955078125 2 0.42663593750000006 0.4781513671875 2 0.0 0.0 0.0 0.0 0.0 0.0 0.0 0.0 0.0 0.0 0.0 0.0
0 0.446875 0.41068896484375 0.034375 0.0557529296875 0.43835546875000003 0.428767578125 2 0.44054374999999996 0.4144951171875 2 0.44143203125 0.3994619140625 2 0.44702656249999995 0.3840234375 2 0.45633437499999996 0.4277900390625 2 0.45470234375 0.4144423828125 2 0.45225312500000003 0.3995390625 2 0.0 0.0 0.0 0.0 0.0 0.0 0.0 0.0 0.0 0.0 0.0 0.0
0 0.314453125 0.353515625 0.01953125 0.03125 0.30922421875 0.3629658203125 2 0.31083359375 0.355388671875 2 0.312159375 0.3466259765625 2 0.31402890625 0.338005859375 2 0.31973359375 0.3630849609375 2 0.318671875 0.35546875 2 0.31698750000000003 0.3465078125 2 0.0 0.0 0.0 0.0 0.0 0.0 0.0 0.0 0.0 0.0 0.0 0.0
0 0.40078125 0.37255859375 0.0234375 0.0380859375 0.3947328125 0.3854716796875 2 0.39640624999999996 0.37548828125 2 0.39734375 0.36494140625 2 0.40021562499999996 0.3540693359375 2 0.40723984375000005 0.384298828125 2 0.40609375 0.3755859375 2 0.403828125 0.36474609375 2 0.0 0.0 0.0 0.0 0.0 0.0 0.0 0.0 0.0 0.0 0.0 0.0
0 0.372265625 0.80419921875 0.14140625 0.2197265625 0.33676796875 0.8691064453125 2 0.3445625 0.808376953125 2 0.35244921875 0.7604453125 2 0.3733015625 0.702953125 2 0.4045859375 0.8644755859375 2 0.39677421874999996 0.8121015625 2 0.39025078125 0.7590849609375 2 0.0 0.0 0.0 0.0 0.0 0.0 0.0 0.0 0.0 0.0 0.0 0.0
1 0.5125 0.33251953125 0.015625 0.0244140625 0.50848984375 0.3417265625 2 0.50953125 0.334623046875 2 0.51019453125 0.32728125 2 0.51227734375 0.320650390625 2 0.516821875 0.34054296875 2 0.5158750000000001 0.3340302734375 2 0.51464453125 0.3273994140625 2 0.0 0.0 0.0 0.0 0.0 0.0 0.0 0.0 0.0 0.0 0.0 0.0
1 0.675390625 0.3525390625 0.02109375 0.033203125 0.6701374999999999 0.3635322265625 2 0.6718421875 0.3547705078125 2 0.6725992187500001 0.345771484375 2 0.6750773437500001 0.3355927734375 2 0.6823515625 0.36376953125 2 0.6801742187500001 0.3540595703125 2 0.67913203125 0.3458896484375 2 0.0 0.0 0.0 0.0 0.0 0.0 0.0 0.0 0.0 0.0 0.0 0.0
1 0.578515625 0.34033203125 0.01796875 0.0283203125 0.573925 0.3506044921875 2 0.5750609375 0.3427900390625 2 0.57629140625 0.3352119140625 2 0.57833046875 0.326515625 2 0.58424453125 0.34989453125 2 0.58244609375 0.3424345703125 2 0.5810257812499999 0.3349755859375 2 0.0 0.0 0.0 0.0 0.0 0.0 0.0 0.0 0.0 0.0 0.0 0.0
0 0.2921875 0.34228515625 0.015625 0.0263671875 0.28829921875000003 0.3511044921875 2 0.289340625 0.343763671875 2 0.28985 0.336326171875 2 0.29201171875 0.3294326171875 2 0.29757812499999997 0.35075 2 0.29596875 0.34435546875 2 0.29416953125 0.3363037109375 2 0.0 0.0 0.0 0.0 0.0 0.0 0.0 0.0 0.0 0.0 0.0 0.0
1 0.443359375 0.3251953125 0.01328125 0.021484375 0.44040468749999995 0.332611328125 2 0.44121249999999995 0.3271640625 2 0.44163593749999996 0.3210068359375 2 0.44371875000000005 0.31544140625 2 0.4479796875 0.332255859375 2 0.44684296874999996 0.3266904296875 2 0.44608593750000003 0.3210068359375 2 0.0 0.0 0.0 0.0 0.0 0.0 0.0 0.0 0.0 0.0 0.0 0.0
0 0.247265625 0.3291015625 0.01171875 0.01953125 0.2436484375 0.335626953125 2 0.24497421875 0.330298828125 2 0.24527031250000003 0.3248193359375 2 0.24676015625 0.3197568359375 2 0.25112812500000004 0.335626953125 2 0.24976484375000002 0.3307568359375 2 0.24866640625 0.324970703125 2 0.0 0.0 0.0 0.0 0.0 0.0 0.0 0.0 0.0 0.0 0.0 0.0
0 0.2671875 0.33447265625 0.0140625 0.0224609375 0.26372109374999997 0.34190234375 2 0.26419453125 0.3358642578125 2 0.2651140625 0.329392578125 2 0.26701171874999996 0.3233515625 2 0.2712953125 0.341666015625 2 0.27006484375 0.3355087890625 2 0.26873281250000003 0.32953515625 2 0.0 0.0 0.0 0.0 0.0 0.0 0.0 0.0 0.0 0.0 0.0 0.0
1 0.408203125 0.3212890625 0.01171875 0.01953125 0.4054109375 0.3280244140625 2 0.4060734375 0.3226962890625 2 0.406546875 0.316775390625 2 0.40811796874999995 0.31144140625 2 0.4121328125 0.3276689453125 2 0.41099687500000004 0.3223408203125 2 0.41033359375 0.3170126953125 2 0.0 0.0 0.0 0.0 0.0 0.0 0.0 0.0 0.0 0.0 0.0 0.0
1 0.314523828125 0.315119140625 0.010297656249999999 0.01500390625 0.31281875000000003 0.3191748046875 2 0.313103125 0.3156220703125 2 0.31348203125 0.3120703125 2 0.31371796875 0.307392578125 2 0.31707968750000004 0.3191748046875 2 0.31613281249999997 0.3156220703125 2 0.3151859375 0.3115966796875 2 0.0 0.0 0.0 0.0 0.0 0.0 0.0 0.0 0.0 0.0 0.0 0.0
1 0.33603203125 0.317072265625 0.009564062500000001 0.01500390625 0.33323125 0.3216904296875 2 0.3339890625 0.3177822265625 2 0.33427265625 0.3131650390625 2 0.33521953125000004 0.3096123046875 2 0.3381546875 0.321216796875 2 0.33730234375 0.3175458984375 2 0.336484375 0.3129443359375 2 0.0 0.0 0.0 0.0 0.0 0.0 0.0 0.0 0.0 0.0 0.0 0.0
1 0.36328125 0.31884765625 0.0109375 0.0166015625 0.3611625 0.32405859375 2 0.3616359375 0.3194404296875 2 0.36220390625 0.315177734375 2 0.36305624999999997 0.31044140625 2 0.36665390625 0.3238212890625 2 0.3656125 0.319322265625 2 0.36447578125 0.3149404296875 2 0.0 0.0 0.0 0.0 0.0 0.0 0.0 0.0 0.0 0.0 0.0 0.0
1 0.3 0.31403857421875 0.0078125 0.0128427734375 0.29795390624999996 0.3178720703125 2 0.29871171875 0.3144384765625 2 0.2989953125 0.3112412109375 2 0.2999421875 0.30792578125 2 0.302309375 0.3172802734375 2 0.3015515625 0.3143193359375 2 0.30107890625 0.3112412109375 2 0.0 0.0 0.0 0.0 0.0 0.0 0.0 0.0 0.0 0.0 0.0 0.0
1 0.286304296875 0.31260400390625 0.00854609375 0.0138798828125 0.284225 0.3171611328125 2 0.28488828125 0.313609375 2 0.28555078125 0.31017578125 2 0.286171875 0.3066669921875 2 0.28943281249999997 0.3171611328125 2 0.28858046875 0.313609375 2 0.28735 0.3102939453125 2 0.0 0.0 0.0 0.0 0.0 0.0 0.0 0.0 0.0 0.0 0.0 0.0
1 0.8452765624999999 0.3770712890625 0.034303125000000004 0.045158203125 0.8335156250000001 0.3916015625 2 0.83765625 0.37998046875 2 0.841171875 0.36806640625 2 0.8471875000000001 0.35595703125 2 0.8500781249999999 0.3935546875 2 0.85 0.3796875 2 0.8501562500000001 0.3681640625 2 0.0 0.0 0.0 0.0 0.0 0.0 0.0 0.0 0.0 0.0 0.0 0.0
