0 0.26796875 0.5302734375 0.0625 0.095703125 0.25214296875 0.5606337890625 2 0.25384609375 0.535076171875 2 0.25618828125 0.5108486328125 2 0.2623625 0.4868876953125 2 0.28386640625 0.5579716796875 2 0.27747890625 0.5332119140625 2 0.27322109375000003 0.5092509765625 2 0.0 0.0 0.0 0.0 0.0 0.0 0.0 0.0 0.0 0.0 0.0 0.0
1 0.8484375 0.4267578125 0.0453125 0.064453125 0.83629609375 0.44782421875 2 0.8398679687499999 0.43158203125 2 0.843278125 0.41452734375 2 0.850540625 0.395876953125 2 0.86032578125 0.4490419921875 2 0.8577281250000001 0.43158203125 2 0.8556171875 0.41513671875 2 0.0 0.0 0.0 0.0 0.0 0.0 0.0 0.0 0.0 0.0 0.0 0.0
1 0.562890625 0.40771484375 0.03359375 0.0517578125 0.55561640625 0.424712890625 2 0.557003125 0.4117099609375 2 0.55850546875 0.39783984375 2 0.56288515625 0.3828857421875 2 0.5729484375 0.424712890625 2 0.57086875 0.4117099609375 2 0.5682109375 0.39812890625 2 0.0 0.0 0.0 0.0 0.0 0.0 0.0 0.0 0.0 0.0 0.0 0.0
0 0.16640625 0.46142578125 0.04375 0.0634765625 0.15478203125 0.4826923828125 2 0.15594609375 0.4648525390625 2 0.15667421875 0.4484697265625 2 0.16104140625000002 0.4311767578125 2 0.17763671875 0.4805078125 2 0.17239609375 0.4630322265625 2 0.16875703125 0.4475595703125 2 0.0 0.0 0.0 0.0 0.0 0.0 0.0 0.0 0.0 0.0 0.0 0.0
1 0.43125 0.384765625 0.025 0.041015625 0.42414609375 0.3990224609375 2 0.42552812500000003 0.38798828125 2 0.42701640625000004 0.376689453125 2 0.43121484375 0.3649912109375 2 0.4384984375 0.398224609375 2 0.436265625 0.38758984375 2 0.43435234375 0.376556640625 2 0.0 0.0 0.0 0.0 0.0 0.0 0.0 0.0 0.0 0.0 0.0 0.0
1 0.253125 0.34375 0.015625 0.025390625 0.24922890625 0.3521728515625 2 0.24985390624999998 0.3455302734375 2 0.25040078125 0.339083984375 2 0.25302734375 0.3312197265625 2 0.25829140625 0.351390625 2 0.2569640625 0.345921875 2 0.2555578125 0.339279296875 2 0.0 0.0 0.0 0.0 0.0 0.0 0.0 0.0 0.0 0.0 0.0 0.0
0 0.0765625 0.42529296875 0.03125 0.0478515625 0.06866328125 0.4428466796875 2 0.0695515625 0.4286806640625 2 0.0703296875 0.4160419921875 2 0.07388359375 0.40284765625 2 0.08587890625 0.4418740234375 2 0.08232500000000001 0.4278466796875 2 0.07932578125 0.415763671875 2 0.0 0.0 0.0 0.0 0.0 0.0 0.0 0.0 0.0 0.0 0.0 0.0
1 0.32578125 0.347509765625 0.0171875 0.02900390625 0.3214953125 0.35823046875 2 0.32235468749999996 0.350904296875 2 0.32313515625 0.34328515625 2 0.32597343749999996 0.3347275390625 2 0.33165 0.3581328125 2 0.32977500000000004 0.350708984375 2 0.32836953125 0.3431875 2 0.0 0.0 0.0 0.0 0.0 0.0 0.0 0.0 0.0 0.0 0.0 0.0
1 0.38671875 0.36279296875 0.0203125 0.0322265625 0.38191953125 0.374072265625 2 0.38260937500000003 0.3652333984375 2 0.38398828125 0.35693359375 2 0.3866359375 0.34708984375 2 0.392953125 0.3739638671875 2 0.39114296875 0.3653408203125 2 0.3893328125 0.35671875 2 0.0 0.0 0.0 0.0 0.0 0.0 0.0 0.0 0.0 0.0 0.0 0.0
0 0.03515625 0.39892578125 0.0234375 0.0380859375 0.0286734375 0.411921875 2 0.02936484375 0.4020361328125 2 0.030155468749999997 0.3920263671875 2 0.03341640625 0.381029296875 2 0.04379296875 0.4111796875 2 0.040828125 0.4017890625 2 0.0380609375 0.3915322265625 2 0.0 0.0 0.0 0.0 0.0 0.0 0.0 0.0 0.0 0.0 0.0 0.0
1 0.176171875 0.34345703125 0.01484375 0.0228515625 0.17211953124999999 0.35090234375 2 0.17251015625 0.3449443359375 2 0.17336875000000002 0.338498046875 2 0.17566953125 0.3316044921875 2 0.18008671874999999 0.35070703125 2 0.17883671875 0.3450419921875 2 0.177665625 0.3385947265625 2 0.0 0.0 0.0 0.0 0.0 0.0 0.0 0.0 0.0 0.0 0.0 0.0
1 0.084765625 0.34423828125 0.01171875 0.0205078125 0.080946875 0.3517802734375 2 0.0813375 0.346310546875 2 0.081728125 0.3406455078125 2 0.08329140625 0.3349794921875 2 0.08805625 0.350998046875 2 0.08680625 0.346115234375 2 0.085634375 0.3407431640625 2 0.0 0.0 0.0 0.0 0.0 0.0 0.0 0.0 0.0 0.0 0.0 0.0
0 0.367578125 0.67578125 0.10234375 0.162109375 0.342384375 0.7222060546875 2 0.34592265625 0.67987890625 2 0.35000156250000003 0.6397666015625 2 0.36115859375000003 0.6020908203125 2 0.3955765625 0.7175107421875 2 0.38618984375 0.6783857421875 2 0.37742890625 0.64043359375 2 0.0 0.0 0.0 0.0 0.0 0.0 0.0 0.0 0.0 0.0 0.0 0.0
