0 0.948828125 0.340287109375 0.02265625 0.03604296875 0.94287578125 0.3521279296875 2 0.9444390625000001 0.3423662109375 2 0.9456468750000001 0.3330478515625 2 0.9498679687499999 0.3225322265625 2 0.95531015625 0.35183203125 2 0.9538875000000001 0.342455078125 2 0.9529640625000001 0.33313671875 2 0.0 0.0 0.0 0.0 0.0 0.0 0.0 0.0 0.0 0.0 0.0 0.0
0 0.75546875 0.39990234375 0.034375 0.0556640625 0.7465843750000001 0.4199384765625 2 0.74841484375 0.4038173828125 2 0.75038125 0.3903037109375 2 0.7556859375 0.3744599609375 2 0.7650640625 0.4206279296875 2 0.76189921875 0.4039931640625 2 0.76106484375 0.39013671875 2 0.0 0.0 0.0 0.0 0.0 0.0 0.0 0.0 0.0 0.0 0.0 0.0
0 0.555859375 0.4651591796875 0.04765625 0.078755859375 0.54240625 0.491427734375 2 0.5461296875 0.4702392578125 2 0.54809296875 0.4506484375 2 0.5552312500000001 0.4290673828125 2 0.5675609374999999 0.4906123046875 2 0.5641953125 0.4697216796875 2 0.5607640625 0.4510634765625 2 0.0 0.0 0.0 0.0 0.0 0.0 0.0 0.0 0.0 0.0 0.0 0.0
0 0.4171875 0.5624453125 0.0703125 0.117078125 0.39955234375000004 0.6007470703125 2 0.40289609375 0.56972265625 2 0.40665625 0.5408486328125 2 0.414359375 0.5082705078125 2 0.43680703125000003 0.5986591796875 2 0.43155312500000004 0.5673359375 2 0.42486640624999994 0.54048828125 2 0.0 0.0 0.0 0.0 0.0 0.0 0.0 0.0 0.0 0.0 0.0 0.0
0 0.864453125 0.3583984375 0.02734375 0.041015625 0.8569695312500001 0.3725634765625 2 0.859578125 0.3612138671875 2 0.8613765624999999 0.35098828125 2 0.8654234375 0.3389638671875 2 0.87270859375 0.3730126953125 2 0.87001015625 0.3612138671875 2 0.8689312499999999 0.3513251953125 2 0.0 0.0 0.0 0.0 0.0 0.0 0.0 0.0 0.0 0.0 0.0 0.0
1 0.0875 0.35791015625 0.01875 0.0283203125 0.0824265625 0.3673671875 2 0.0833640625 0.35975390625 2 0.08383281249999999 0.35282421875 2 0.0861765625 0.34413671875 2 0.09320703125 0.3665869140625 2 0.09125390625 0.35975390625 2 0.08953515625 0.35282421875 2 0.0 0.0 0.0 0.0 0.0 0.0 0.0 0.0 0.0 0.0 0.0 0.0
0 0.17734375 0.373046875 0.021875 0.033203125 0.1703171875 0.3853330078125 2 0.1712546875 0.374302734375 2 0.1719578125 0.3660068359375 2 0.176315625 0.35626953125 2 0.18320703124999999 0.3841611328125 2 0.18094140625 0.374400390625 2 0.17942734375 0.3655595703125 2 0.0 0.0 0.0 0.0 0.0 0.0 0.0 0.0 0.0 0.0 0.0 0.0
0 0.291015625 0.3544921875 0.01796875 0.029296875 0.2863328125 0.3653203125 2 0.2874265625 0.356828125 2 0.2878953125 0.348921875 2 0.29062890625 0.340625 2 0.29648828125 0.3656123046875 2 0.29476953125 0.35653515625 2 0.29359765625 0.3493125 2 0.0 0.0 0.0 0.0 0.0 0.0 0.0 0.0 0.0 0.0 0.0 0.0
0 0.375 0.3427734375 0.015625 0.02734375 0.37008046875 0.352041015625 2 0.37164296874999997 0.344134765625 2 0.37258046875 0.337009765625 2 0.375065625 0.3293369140625 2 0.38015859375 0.352041015625 2 0.37875234375 0.344427734375 2 0.37742421875 0.337009765625 2 0.0 0.0 0.0 0.0 0.0 0.0 0.0 0.0 0.0 0.0 0.0 0.0
1 0.18203125 0.34423828125 0.015625 0.0244140625 0.17797421875 0.3523203125 2 0.17914609374999999 0.34578125 2 0.17983046875 0.3387529296875 2 0.18109921874999999 0.3326044921875 2 0.18633359375 0.352125 2 0.18523984375 0.3461708984375 2 0.183784375 0.3387392578125 2 0.0 0.0 0.0 0.0 0.0 0.0 0.0 0.0 0.0 0.0 0.0 0.0
0 0.416796875 0.33037109375 0.01484375 0.0240234375 0.41242734375 0.340126953125 2 0.41305234375 0.332611328125 2 0.41352109375 0.3267548828125 2 0.4160203125 0.3193330078125 2 0.4209421875 0.339541015625 2 0.41937968750000004 0.332123046875 2 0.41836406249999997 0.3263642578125 2 0.0 0.0 0.0 0.0 0.0 0.0 0.0 0.0 0.0 0.0 0.0 0.0
1 0.049609375 0.32504931640625 0.01015625 0.0153330078125 0.0467234375 0.3302568359375 2 0.0472703125 0.3267431640625 2 0.047817187500000004 0.3224482421875 2 0.0489109375 0.3179580078125 2 0.05258203125000001 0.3302568359375 2 0.0516453125 0.3271337890625 2 0.05125468749999999 0.3225458984375 2 0.0 0.0 0.0 0.0 0.0 0.0 0.0 0.0 0.0 0.0 0.0 0.0
1 0.237109375 0.337890625 0.01484375 0.0234375 0.2330328125 0.3432744140625 2 0.2340625 0.33759375 2 0.23453203125000002 0.331837890625 2 0.23661953125 0.32575390625 2 0.24092578125 0.3433818359375 2 0.2396390625 0.3378076171875 2 0.2385875 0.3320419921875 2 0.0 0.0 0.0 0.0 0.0 0.0 0.0 0.0 0.0 0.0 0.0 0.0
0 0.307421875 0.31982421875 0.01015625 0.0185546875 0.3043359375 0.32430859375 2 0.305078125 0.3197587890625 2 0.30571796875 0.3154677734375 2 0.30710390625 0.3106806640625 2 0.30903437500000003 0.3231484375 2 0.308840625 0.31979296875 2 0.30834765625 0.31554296875 2 0.0 0.0 0.0 0.0 0.0 0.0 0.0 0.0 0.0 0.0 0.0 0.0
1 0.100390625 0.32421875 0.00859375 0.015625 0.09797343750000001 0.3292802734375 2 0.0986765625 0.3252783203125 2 0.09891093749999999 0.3211787109375 2 0.1003171875 0.3176650390625 2 0.1034421875 0.3292802734375 2 0.1025046875 0.3250830078125 2 0.10187968750000001 0.3210810546875 2 0.0 0.0 0.0 0.0 0.0 0.0 0.0 0.0 0.0 0.0 0.0 0.0
0 0.020703125 0.32299853515625 0.00859375 0.0112314453125 0.018678125 0.3276220703125 2 0.019068750000000002 0.324205078125 2 0.0195375 0.320984375 2 0.02094375 0.3185439453125 2 0.023365625 0.32781640625 2 0.02250625 0.324595703125 2 0.02219375 0.320984375 2 0.0 0.0 0.0 0.0 0.0 0.0 0.0 0.0 0.0 0.0 0.0 0.0
1 0.1609375 0.32958984375 0.0109375 0.0185546875 0.15836406249999999 0.3358232421875 2 0.15891093750000002 0.3316259765625 2 0.15961406250000001 0.32596484375 2 0.1609421875 0.3214755859375 2 0.1648484375 0.3359208984375 2 0.1637546875 0.331333984375 2 0.1628953125 0.325671875 2 0.0 0.0 0.0 0.0 0.0 0.0 0.0 0.0 0.0 0.0 0.0 0.0
0 0.2765625 0.3134765625 0.0109375 0.01953125 0.27370390625 0.318685546875 2 0.27426796875 0.3136669921875 2 0.27501953125 0.3089794921875 2 0.27671875 0.3038232421875 2 0.27859531249999997 0.3171357421875 2 0.27831171875 0.313529296875 2 0.27786328125000004 0.309017578125 2 0.0 0.0 0.0 0.0 0.0 0.0 0.0 0.0 0.0 0.0 0.0 0.0
1 0.23125 0.33349609375 0.015625 0.0224609375 0.22797109375 0.338236328125 2 0.228571875 0.3325556640625 2 0.22896796875 0.3275078125 2 0.23107890625 0.3216044921875 2 0.23371953125 0.3379150390625 2 0.2332046875 0.332876953125 2 0.23299140624999998 0.3278359375 2 0.0 0.0 0.0 0.0 0.0 0.0 0.0 0.0 0.0 0.0 0.0 0.0
1 0.144921875 0.32958984375 0.01015625 0.0166015625 0.14211328125 0.3337822265625 2 0.1428203125 0.3295419921875 2 0.14328593750000002 0.325474609375 2 0.144575 0.3209794921875 2 0.1476609375 0.333673828125 2 0.1465671875 0.3294765625 2 0.14594218750000001 0.325474609375 2 0.0 0.0 0.0 0.0 0.0 0.0 0.0 0.0 0.0 0.0 0.0 0.0
0 0.433125 0.32368212890625 0.0115625 0.0223642578125 0.4289890625 0.332025390625 2 0.4298484375 0.3261689453125 2 0.43039453125 0.320703125 2 0.43266015625 0.3129921875 2 0.43750390625 0.331732421875 2 0.43641015625 0.3259736328125 2 0.43531640625 0.3211904296875 2 0.0 0.0 0.0 0.0 0.0 0.0 0.0 0.0 0.0 0.0 0.0 0.0
