0 0.545703125 0.5849609375 0.08359375 0.123046875 0.52701328125 0.6167744140625 2 0.5309859375 0.58625 2 0.5356796875 0.555708984375 2 0.5458515625 0.5246787109375 2 0.56739453125 0.61717578125 2 0.5620859375 0.58576171875 2 0.5558265625 0.5547314453125 2 0.0 0.0 0.0 0.0 0.0 0.0 0.0 0.0 0.0 0.0 0.0 0.0
0 0.848828125 0.484375 0.06015625 0.087890625 0.8314492187500001 0.5109833984375 2 0.83541484375 0.4888154296875 2 0.8395359375 0.46477734375 2 0.84801015625 0.4433125 2 0.8615375000000001 0.5118583984375 2 0.8587390625 0.4888154296875 2 0.85562109375 0.465580078125 2 0.0 0.0 0.0 0.0 0.0 0.0 0.0 0.0 0.0 0.0 0.0 0.0
0 0.283203125 0.38134765625 0.02421875 0.0380859375 0.27703671875 0.3939091796875 2 0.2779859375 0.3824375 2 0.27916171875 0.3720810546875 2 0.28253125 0.3620615234375 2 0.2905328125 0.39325 2 0.28779140625 0.382701171875 2 0.28573515625 0.372359375 2 0.0 0.0 0.0 0.0 0.0 0.0 0.0 0.0 0.0 0.0 0.0 0.0
0 0.491796875 0.3583984375 0.02109375 0.033203125 0.48562031250000004 0.37083984375 2 0.48678046875 0.3602919921875 2 0.48762343750000003 0.35158984375 2 0.49124765625 0.34172265625 2 0.49700703125 0.3703125 2 0.4957421875 0.3600283203125 2 0.49405546874999995 0.3517216796875 2 0.0 0.0 0.0 0.0 0.0 0.0 0.0 0.0 0.0 0.0 0.0 0.0
1 0.173046875 0.36328125 0.01953125 0.03125 0.16884296875 0.37387109375 2 0.16958125 0.3659599609375 2 0.17053046875 0.356466796875 2 0.17274453125 0.3475009765625 2 0.17970312500000002 0.37334375 2 0.178121875 0.365564453125 2 0.17611796875000002 0.3565986328125 2 0.0 0.0 0.0 0.0 0.0 0.0 0.0 0.0 0.0 0.0 0.0 0.0
0 0.5765625 0.34521484375 0.01875 0.0302734375 0.57166953125 0.3562099609375 2 0.57261796875 0.3467158203125 2 0.57396796875 0.3387333984375 2 0.57659609375 0.33069140625 2 0.5820015625 0.3556826171875 2 0.58031484375 0.3469794921875 2 0.579090625 0.338974609375 2 0.0 0.0 0.0 0.0 0.0 0.0 0.0 0.0 0.0 0.0 0.0 0.0
1 0.331640625 0.35009765625 0.01796875 0.0283203125 0.32733828125 0.359373046875 2 0.3280765625 0.351857421875 2 0.32937421875 0.3436708984375 2 0.33181875 0.336095703125 2 0.33746015625000003 0.358845703125 2 0.33601796875 0.3515380859375 2 0.33426015625 0.34396875 2 0.0 0.0 0.0 0.0 0.0 0.0 0.0 0.0 0.0 0.0 0.0 0.0
1 0.450390625 0.3349609375 0.01484375 0.0234375 0.44575859375000004 0.3435517578125 2 0.44649687499999996 0.336431640625 2 0.44783671875 0.32918359375 2 0.44982578125000006 0.3227646484375 2 0.45429921875 0.343419921875 2 0.45303359375 0.3366953125 2 0.451778125 0.3293896484375 2 0.0 0.0 0.0 0.0 0.0 0.0 0.0 0.0 0.0 0.0 0.0 0.0
0 0.644921875 0.333984375 0.01640625 0.02734375 0.6403218749999999 0.3436826171875 2 0.64158671875 0.3364306640625 2 0.64290625 0.327890625 2 0.64515078125 0.320791015625 2 0.64928359375 0.343814453125 2 0.64801796875 0.3366943359375 2 0.6473484375 0.3281259765625 2 0.0 0.0 0.0 0.0 0.0 0.0 0.0 0.0 0.0 0.0 0.0 0.0
1 0.54453125 0.32373046875 0.0125 0.0205078125 0.5404554687500001 0.329974609375 2 0.5412992187500001 0.3250966796875 2 0.542353125 0.3178447265625 2 0.544146875 0.313140625 2 0.547625 0.329974609375 2 0.546465625 0.32496484375 2 0.5456218749999999 0.3179765625 2 0.0 0.0 0.0 0.0 0.0 0.0 0.0 0.0 0.0 0.0 0.0 0.0
0 0.68828125 0.3251953125 0.0140625 0.0234375 0.6842921875 0.3330087890625 2 0.6851359375 0.3262841796875 2 0.686215625 0.319353515625 2 0.68824140625 0.3131435546875 2 0.69188359375 0.33261328125 2 0.6911453125 0.32615234375 2 0.6899195312499999 0.319501953125 2 0.0 0.0 0.0 0.0 0.0 0.0 0.0 0.0 0.0 0.0 0.0 0.0
0 0.75703125 0.3173828125 0.0140625 0.0234375 0.75325703125 0.3244404296875 2 0.75388984375 0.3179794921875 2 0.7549234375 0.3111953125 2 0.7572640625 0.3050576171875 2 0.7612703125 0.3244404296875 2 0.76021640625 0.318111328125 2 0.7591617187499999 0.31138671875 2 0.0 0.0 0.0 0.0 0.0 0.0 0.0 0.0 0.0 0.0 0.0 0.0
0 0.826171875 0.310546875 0.01328125 0.021484375 0.8220070312500001 0.3182451171875 2 0.8229562500000001 0.311916015625 2 0.8238726562500001 0.305501953125 2 0.82622421875 0.2997861328125 2 0.8301257812499999 0.31811328125 2 0.8291765625 0.3117841796875 2 0.8283328125 0.305455078125 2 0.0 0.0 0.0 0.0 0.0 0.0 0.0 0.0 0.0 0.0 0.0 0.0
0 0.90546875 0.30712890625 0.0140625 0.0224609375 0.90086484375 0.3135107421875 2 0.9023562500000001 0.3077080078125 2 0.9036015624999999 0.3016533203125 2 0.9055046875 0.295736328125 2 0.90873671875 0.3133037109375 2 0.9080734375 0.3073974609375 2 0.907421875 0.3018408203125 2 0.0 0.0 0.0 0.0 0.0 0.0 0.0 0.0 0.0 0.0 0.0 0.0
1 0.702734375 0.3076171875 0.01015625 0.015625 0.6989515625 0.31402734375 2 0.69947890625 0.3091494140625 2 0.70036953125 0.3034580078125 2 0.702009375 0.299259765625 2 0.7049609375 0.3144228515625 2 0.7040124999999999 0.3091494140625 2 0.7033796875 0.3037431640625 2 0.0 0.0 0.0 0.0 0.0 0.0 0.0 0.0 0.0 0.0 0.0 0.0
1 0.901953125 0.29931640625 0.01328125 0.0224609375 0.8980476562499999 0.304599609375 2 0.89871015625 0.2999365234375 2 0.8998921875000001 0.2936259765625 2 0.9018593750000001 0.2882265625 2 0.9045109374999999 0.304703125 1 0.90409609375 0.299625 2 0.90364296875 0.293822265625 2 0.0 0.0 0.0 0.0 0.0 0.0 0.0 0.0 0.0 0.0 0.0 0.0
