0 0.5333375 0.46239208984375 0.041675000000000004 0.0732216796875 0.5218742187500001 0.4882197265625 2 0.52424140625 0.4671015625 2 0.5269250000000001 0.4483515625 2 0.5330210937500001 0.427623046875 2 0.5464953125 0.4884169921875 2 0.54349609375 0.4678916015625 2 0.53986640625 0.447759765625 2 0.0 0.0 0.0 0.0 0.0 0.0 0.0 0.0 0.0 0.0 0.0 0.0
0 0.26484375 0.74845458984375 0.1296875 0.1902685546875 0.23496406250000001 0.80160546875 2 0.23953203125 0.754953125 2 0.24342031249999999 0.7072119140625 2 0.2571796875 0.6559755859375 2 0.29701328125000004 0.7916083984375 2 0.285846875 0.7467978515625 2 0.27639453125 0.70336328125 2 0.0 0.0 0.0 0.0 0.0 0.0 0.0 0.0 0.0 0.0 0.0 0.0
0 0.63415703125 0.40115380859375 0.0339390625 0.0542607421875 0.62431640625 0.4203408203125 2 0.6266406250000001 0.4049658203125 2 0.6284195312499999 0.3901435546875 2 0.6334703125 0.376525390625 2 0.6430976562499999 0.4201435546875 2 0.640571875 0.4049462890625 2 0.6377828125 0.3896611328125 2 0.0 0.0 0.0 0.0 0.0 0.0 0.0 0.0 0.0 0.0 0.0 0.0
0 0.676953125 0.36705908203125 0.02578125 0.0407587890625 0.66981640625 0.3821806640625 2 0.6715429687500001 0.36976953125 2 0.67326875 0.358796875 2 0.67700859375 0.3480048828125 2 0.68491953125 0.3818203125 2 0.68261796875 0.37012890625 2 0.68060390625 0.358796875 2 0.0 0.0 0.0 0.0 0.0 0.0 0.0 0.0 0.0 0.0 0.0 0.0
0 0.11875 0.3671875 0.01875 0.029296875 0.11336953125 0.37786328125 2 0.11469765624999999 0.3681923828125 2 0.115121875 0.3602119140625 2 0.11771562499999999 0.352310546875 2 0.12508593750000002 0.377375 2 0.12266484375 0.3680947265625 2 0.12078984374999999 0.3600849609375 2 0.0 0.0 0.0 0.0 0.0 0.0 0.0 0.0 0.0 0.0 0.0 0.0
0 0.24609375 0.3515625 0.015625 0.025390625 0.24172421875 0.3601220703125 2 0.24287890625 0.3529052734375 2 0.2437328125 0.3453330078125 2 0.245859375 0.3385048828125 2 0.251490625 0.3598994140625 2 0.24989296875 0.3527939453125 2 0.24820546875 0.3454658203125 2 0.0 0.0 0.0 0.0 0.0 0.0 0.0 0.0 0.0 0.0 0.0 0.0
1 0.09375 0.3525390625 0.015625 0.0234375 0.089540625 0.3603798828125 2 0.09047734375000001 0.353443359375 2 0.09120546874999999 0.3466044921875 2 0.09317734375 0.340376953125 2 0.09914765625000001 0.35979296875 2 0.0975859375 0.3533466796875 2 0.09571093750000001 0.3466064453125 2 0.0 0.0 0.0 0.0 0.0 0.0 0.0 0.0 0.0 0.0 0.0 0.0
1 0.208984375 0.34326171875 0.01484375 0.0224609375 0.20478359375 0.350021484375 2 0.20558281250000002 0.3444697265625 2 0.20655937500000002 0.3384736328125 2 0.20842890625 0.3316220703125 2 0.21357343750000002 0.350021484375 2 0.212153125 0.344248046875 2 0.2107328125 0.3384736328125 2 0.0 0.0 0.0 0.0 0.0 0.0 0.0 0.0 0.0 0.0 0.0 0.0
0 0.35859375 0.3412392578125 0.0140625 0.024275390625 0.35415390625 0.3500537109375 2 0.35507578125 0.3445029296875 2 0.35574531249999997 0.33654296875 2 0.35800624999999997 0.330677734375 2 0.36319921875 0.3503671875 2 0.36152421874999996 0.3441884765625 2 0.360603125 0.3366474609375 2 0.0 0.0 0.0 0.0 0.0 0.0 0.0 0.0 0.0 0.0 0.0 0.0
1 0.95625 0.32763671875 0.0171875 0.0283203125 0.9503171874999999 0.3365546875 2 0.9519046875000001 0.3286630859375 2 0.95342578125 0.3210576171875 2 0.9562359375 0.3137109375 2 0.9605499999999999 0.3365546875 2 0.95967578125 0.329009765625 2 0.9586265624999999 0.3212958984375 2 0.0 0.0 0.0 0.0 0.0 0.0 0.0 0.0 0.0 0.0 0.0 0.0
0 0.416015625 0.3359375 0.01328125 0.021484375 0.41186796875000004 0.3431416015625 2 0.41295703125000005 0.336857421875 2 0.41329140625000005 0.3306787109375 2 0.41557265625 0.324986328125 2 0.41974062500000003 0.342931640625 2 0.41856796875 0.336857421875 2 0.41789765624999997 0.3308876953125 2 0.0 0.0 0.0 0.0 0.0 0.0 0.0 0.0 0.0 0.0 0.0 0.0
1 0.2828125 0.33740234375 0.0125 0.0205078125 0.279896875 0.3439365234375 2 0.28061640625 0.3389150390625 2 0.28088281249999997 0.3323642578125 2 0.28276953125 0.326212890625 2 0.28718671875 0.343466796875 2 0.28567734375 0.33858203125 2 0.28505546875 0.3323642578125 2 0.0 0.0 0.0 0.0 0.0 0.0 0.0 0.0 0.0 0.0 0.0 0.0
1 0.8585546875000001 0.29892626953125 0.007734375 0.0158212890625 0.856415625 0.304130859375 2 0.85703984375 0.2995400390625 2 0.85804609375 0.295640625 2 0.8592765625000001 0.29192578125 2 0.8617265625 0.303935546875 2 0.86110234375 0.2996376953125 2 0.8603617187499999 0.295751953125 2 0.0 0.0 0.0 0.0 0.0 0.0 0.0 0.0 0.0 0.0 0.0 0.0
0 0.46171875 0.33056640625 0.0125 0.0205078125 0.45827109374999997 0.3369658203125 2 0.45885781249999996 0.3313095703125 2 0.4594984375 0.325095703125 2 0.46119843749999995 0.3198212890625 2 0.46497109375 0.337279296875 2 0.46405 0.33099609375 2 0.4632125 0.3252353515625 2 0.0 0.0 0.0 0.0 0.0 0.0 0.0 0.0 0.0 0.0 0.0 0.0
1 0.3484375 0.33067138671875 0.0125 0.0187646484375 0.34452343750000003 0.336857421875 2 0.3457796875 0.3310966796875 2 0.3461140625 0.326802734375 2 0.3477890625 0.3211474609375 2 0.351809375 0.3369619140625 2 0.35063671875 0.331306640625 2 0.34971562500000003 0.32659375 2 0.0 0.0 0.0 0.0 0.0 0.0 0.0 0.0 0.0 0.0 0.0 0.0
0 0.7212500000000001 0.33291015625 0.0159375 0.0271484375 0.7159484375 0.342609375 2 0.7171203125 0.334794921875 2 0.7182921875 0.3269794921875 2 0.72071328125 0.321021484375 2 0.725634375 0.3424140625 2 0.72438515625 0.334697265625 2 0.72297890625 0.327078125 2 0.0 0.0 0.0 0.0 0.0 0.0 0.0 0.0 0.0 0.0 0.0 0.0
1 0.8887890625000001 0.30024462890625 0.008828125000000001 0.0165048828125 0.8860257812500001 0.3072568359375 2 0.886884375 0.3017861328125 2 0.887665625 0.29768359375 2 0.88904453125 0.2934306640625 2 0.8914929687500001 0.3068662109375 2 0.890790625 0.3017861328125 2 0.89055625 0.2979765625 2 0.0 0.0 0.0 0.0 0.0 0.0 0.0 0.0 0.0 0.0 0.0 0.0
1 0.9470703125 0.317919921875 0.017578125 0.02451171875 0.9424304687499999 0.32630078125 2 0.9440992187499999 0.31919921875 2 0.94516484375 0.31330859375 2 0.9475859375000001 0.307544921875 2 0.95156953125 0.3257138671875 1 0.95063203125 0.3191689453125 2 0.9496953124999999 0.31330859375 2 0.0 0.0 0.0 0.0 0.0 0.0 0.0 0.0 0.0 0.0 0.0 0.0
1 0.916015625 0.31298828125 0.01328125 0.0205078125 0.9118031249999999 0.3187822265625 2 0.9126625 0.3133115234375 2 0.91423828125 0.3072626953125 2 0.915946875 0.3016005859375 2 0.91938046875 0.3186845703125 2 0.91820859375 0.3134091796875 2 0.9175835937500001 0.3074912109375 2 0.0 0.0 0.0 0.0 0.0 0.0 0.0 0.0 0.0 0.0 0.0 0.0
1 0.3875 0.32666015625 0.0109375 0.0185546875 0.383975 0.3315185546875 2 0.3846453125 0.3271201171875 2 0.38514765624999997 0.3213603515625 2 0.38680625 0.3170283203125 2 0.3900046875 0.3313095703125 2 0.3891671875 0.327330078125 2 0.3883296875 0.32146484375 2 0.0 0.0 0.0 0.0 0.0 0.0 0.0 0.0 0.0 0.0 0.0 0.0
0 0.49140625 0.32533544921875 0.0109375 0.0198115234375 0.48817265625 0.3325693359375 2 0.4884234375 0.3272275390625 2 0.4892609375 0.3211533203125 2 0.49152265625 0.3158125 2 0.49436953125 0.33298828125 2 0.4937 0.3272275390625 2 0.4930296875 0.321048828125 2 0.0 0.0 0.0 0.0 0.0 0.0 0.0 0.0 0.0 0.0 0.0 0.0
1 0.554828515625 0.3147119140625 0.00965703125 0.018095703125 0.55227578125 0.319623046875 2 0.5529046875 0.31489453125 2 0.55346953125 0.3105888671875 2 0.55480703125 0.3058408203125 2 0.55667734375 0.3184541015625 2 0.5564914062499999 0.3149462890625 2 0.556075 0.31067578125 2 0.0 0.0 0.0 0.0 0.0 0.0 0.0 0.0 0.0 0.0 0.0 0.0
0 0.5792566406249999 0.31205908203125 0.008513281250000001 0.0147431640625 0.5768640625 0.318142578125 2 0.5777257812500001 0.3134384765625 2 0.5783101562499999 0.3095654296875 2 0.5795359375 0.305626953125 2 0.5820359374999999 0.3179462890625 2 0.58117421875 0.313537109375 2 0.58077265625 0.309732421875 2 0.0 0.0 0.0 0.0 0.0 0.0 0.0 0.0 0.0 0.0 0.0 0.0
1 0.89921875 0.30517578125 0.009375 0.0166015625 0.8953992187500001 0.3107734375 2 0.8963359375 0.305595703125 2 0.8976875 0.3007978515625 2 0.8990328125 0.2960732421875 2 0.9022726562500001 0.31087109375 2 0.90110078125 0.305595703125 2 0.90040390625 0.3009052734375 2 0.0 0.0 0.0 0.0 0.0 0.0 0.0 0.0 0.0 0.0 0.0 0.0
0 0.517578125 0.3212890625 0.01015625 0.017578125 0.51371953125 0.32764453125 2 0.5144726562499999 0.3226171875 2 0.51531015625 0.31706640625 2 0.5169125 0.311958984375 2 0.5198328125 0.32764453125 2 0.5194140625 0.3231416015625 2 0.518828125 0.3169619140625 2 0.0 0.0 0.0 0.0 0.0 0.0 0.0 0.0 0.0 0.0 0.0 0.0
0 0.7359375 0.32192333984375 0.0140625 0.0227529296875 0.7318859375 0.329720703125 2 0.7328234375 0.32317578125 2 0.7338390625 0.317412109375 2 0.73618203125 0.3116484375 2 0.7399312499999999 0.330111328125 2 0.7390718749999999 0.323078125 2 0.73829140625 0.317216796875 2 0.0 0.0 0.0 0.0 0.0 0.0 0.0 0.0 0.0 0.0 0.0 0.0
0 0.544921875 0.318359375 0.01015625 0.017578125 0.542065625 0.3232392578125 2 0.54277109375 0.319123046875 2 0.54331953125 0.3132431640625 2 0.54488671875 0.3098134765625 2 0.5485703125 0.3232392578125 2 0.5476296875 0.318927734375 2 0.5466109375 0.3133408203125 2 0.0 0.0 0.0 0.0 0.0 0.0 0.0 0.0 0.0 0.0 0.0 0.0
0 0.909879296875 0.308208984375 0.011946093750000001 0.02266796875 0.9049320312500001 0.3152646484375 2 0.90633828125 0.309208984375 2 0.9077945312500001 0.3034140625 2 0.909425 0.2974326171875 2 0.91235234375 0.3148740234375 1 0.9116500000000001 0.309501953125 2 0.91094609375 0.3035166015625 2 0.0 0.0 0.0 0.0 0.0 0.0 0.0 0.0 0.0 0.0 0.0 0.0
0 0.747923046875 0.31629638671875 0.01303359375 0.0193115234375 0.74445703125 0.3235673828125 2 0.74493046875 0.318140625 2 0.7456140625 0.311943359375 2 0.74773984375 0.3078134765625 2 0.75075625 0.3235673828125 2 0.75013515625 0.3183525390625 2 0.7496296874999999 0.311623046875 2 0.0 0.0 0.0 0.0 0.0 0.0 0.0 0.0 0.0 0.0 0.0 0.0
0 0.70546875 0.34653173828125 0.0203125 0.0329072265625 0.700234375 0.35869140625 2 0.7012632812499999 0.349251953125 2 0.70227890625 0.3402646484375 2 0.70555703125 0.3314716796875 2 0.7109375 0.35869140625 2 0.7098992187500001 0.348796875 2 0.7087984374999999 0.340095703125 2 0.0 0.0 0.0 0.0 0.0 0.0 0.0 0.0 0.0 0.0 0.0 0.0
