0 0.5171875 0.7109375 0.1 0.17578125 0.49290703125 0.7616015625 2 0.4977203125 0.7164921875 2 0.50319375 0.674119140625 2 0.5162203125 0.626201171875 2 0.549165625 0.7597216796875 2 0.54164453125 0.7146123046875 2 0.53322109375 0.67326171875 2 0.0 0.0 0.0 0.0 0.0 0.0 0.0 0.0 0.0 0.0 0.0 0.0
0 0.7421875 0.48219873046875 0.053125 0.0874443359375 0.7279125 0.5086494140625 2 0.73084375 0.4861845703125 2 0.73475234375 0.4644521484375 2 0.7429859375000001 0.4401484375 2 0.75683515625 0.5093818359375 2 0.7531218749999999 0.4859404296875 2 0.7503859375 0.4646962890625 2 0.0 0.0 0.0 0.0 0.0 0.0 0.0 0.0 0.0 0.0 0.0 0.0
0 0.835546875 0.3955078125 0.03359375 0.052734375 0.82544375 0.41264453125 2 0.8277890625 0.3979931640625 2 0.8301578125000001 0.3841689453125 2 0.8356054687500001 0.37162109375 2 0.84361796875 0.4119111328125 2 0.8422499999999999 0.3979931640625 2 0.8399054687499999 0.384318359375 2 0.0 0.0 0.0 0.0 0.0 0.0 0.0 0.0 0.0 0.0 0.0 0.0
0 0.292578125 0.3896484375 0.02734375 0.041015625 0.28749531250000004 0.4035048828125 2 0.28811015625 0.3918349609375 2 0.28831562499999996 0.38029296875 2 0.2915765625 0.3690146484375 2 0.29980078125 0.4033759765625 2 0.297134375 0.3917060546875 2 0.2958015625 0.380037109375 2 0.0 0.0 0.0 0.0 0.0 0.0 0.0 0.0 0.0 0.0 0.0 0.0
0 0.462890625 0.35888671875 0.01953125 0.0302734375 0.45693046875 0.3687587890625 2 0.45805859375 0.360294921875 2 0.4593984375 0.3512470703125 2 0.46164765625 0.3432392578125 2 0.46790312500000003 0.3687587890625 2 0.46636484375 0.3606796875 2 0.4647375 0.351505859375 2 0.0 0.0 0.0 0.0 0.0 0.0 0.0 0.0 0.0 0.0 0.0 0.0
0 0.3875 0.3720703125 0.0234375 0.03515625 0.38154453125 0.384783203125 2 0.38267265625 0.3740107421875 2 0.3836984375 0.364392578125 2 0.3864671875 0.354646484375 2 0.39436328125000003 0.3837568359375 2 0.39179921875 0.374267578125 2 0.39041640625 0.3642802734375 2 0.0 0.0 0.0 0.0 0.0 0.0 0.0 0.0 0.0 0.0 0.0 0.0
0 0.873828125 0.3650830078125 0.02578125 0.040712890625 0.865896875 0.3804111328125 2 0.8682421874999999 0.3686904296875 2 0.87023515625 0.3575693359375 2 0.8750765625 0.3456728515625 2 0.8818671874999999 0.3806884765625 2 0.8799671874999999 0.3682021484375 2 0.87859921875 0.3577021484375 2 0.0 0.0 0.0 0.0 0.0 0.0 0.0 0.0 0.0 0.0 0.0 0.0
1 0.33515625 0.345703125 0.015625 0.025390625 0.33159765625 0.355548828125 2 0.332315625 0.3488798828125 2 0.3331359375 0.3410576171875 2 0.33518671875 0.3347734375 2 0.33969921875 0.3556767578125 2 0.338365625 0.3484951171875 2 0.33713515625 0.3410576171875 2 0.0 0.0 0.0 0.0 0.0 0.0 0.0 0.0 0.0 0.0 0.0 0.0
1 0.26328125 0.358203125 0.01875 0.030859375 0.25867734375 0.36991015625 2 0.25970234375 0.3622158203125 2 0.26001015625 0.3533671875 2 0.262734375 0.34453125 2 0.26831640625 0.3693974609375 2 0.26688125 0.3618310546875 2 0.26513749999999997 0.3527255859375 2 0.0 0.0 0.0 0.0 0.0 0.0 0.0 0.0 0.0 0.0 0.0 0.0
0 0.534662890625 0.34517626953125 0.016200781249999997 0.0282431640625 0.52923984375 0.3556796875 2 0.53077734375 0.3479853515625 2 0.53196875 0.3397998046875 2 0.5342234375 0.33261328125 2 0.5386734375 0.3556796875 2 0.53754609375 0.3482421875 2 0.5365609375 0.3400869140625 2 0.0 0.0 0.0 0.0 0.0 0.0 0.0 0.0 0.0 0.0 0.0 0.0
0 0.56484375 0.33841748046875 0.015625 0.0244912109375 0.559596875 0.348375 2 0.56113515625 0.34080859375 2 0.56241171875 0.3331201171875 2 0.5645718750000001 0.32640234375 2 0.56944140625 0.3481181640625 2 0.56780078125 0.3409365234375 2 0.56659765625 0.333328125 2 0.0 0.0 0.0 0.0 0.0 0.0 0.0 0.0 0.0 0.0 0.0 0.0
0 0.9015625 0.346875 0.0203125 0.03359375 0.89540625 0.3574580078125 2 0.89657890625 0.3469580078125 2 0.89848359375 0.3388388671875 2 0.90283203125 0.33059765625 2 0.9073273437499999 0.3569697265625 2 0.9059593749999999 0.3472021484375 2 0.9059593749999999 0.3381669921875 2 0.0 0.0 0.0 0.0 0.0 0.0 0.0 0.0 0.0 0.0 0.0 0.0
0 0.872240234375 0.32138720703125 0.01479296875 0.0255869140625 0.8679054687500001 0.3306806640625 2 0.86954609375 0.3228583984375 2 0.87046875 0.3172158203125 2 0.872821875 0.31014453125 2 0.8770320312500001 0.3306806640625 2 0.87569921875 0.3232431640625 2 0.8752890624999999 0.3172158203125 2 0.0 0.0 0.0 0.0 0.0 0.0 0.0 0.0 0.0 0.0 0.0 0.0
1 0.40390625 0.33984375 0.0140625 0.0234375 0.3994953125 0.3465732421875 2 0.400828125 0.3401611328125 2 0.4015640625 0.33344140625 2 0.40328359375 0.327337890625 2 0.40800625 0.3464453125 2 0.40657109374999995 0.3402890625 2 0.40541328125 0.333580078125 2 0.0 0.0 0.0 0.0 0.0 0.0 0.0 0.0 0.0 0.0 0.0 0.0
1 0.803125 0.30888671875 0.0125 0.0201171875 0.7991875 0.316830078125 2 0.8002132812499999 0.3113154296875 2 0.8011523437499999 0.305630859375 2 0.80274375 0.300619140625 2 0.8056484375 0.316701171875 2 0.80493046875 0.3111875 2 0.804253125 0.3057392578125 2 0.0 0.0 0.0 0.0 0.0 0.0 0.0 0.0 0.0 0.0 0.0 0.0
1 0.48671875 0.330078125 0.0125 0.021484375 0.48288125 0.33747265625 2 0.48400781249999997 0.3306650390625 2 0.48478984374999995 0.325708984375 2 0.48655312500000003 0.320052734375 2 0.490078125 0.3373046875 2 0.48888359374999996 0.330765625 2 0.488303125 0.3258203125 2 0.0 0.0 0.0 0.0 0.0 0.0 0.0 0.0 0.0 0.0 0.0 0.0
1 0.162890625 0.37353515625 0.01953125 0.0322265625 0.15609375 0.38603515625 2 0.15632812499999998 0.37734375 2 0.15718749999999998 0.36826171875 2 0.159296875 0.35859375 2 0.16647109375 0.385931640625 2 0.16539062499999999 0.37666015625 2 0.16296875 0.36826171875 2 0.0 0.0 0.0 0.0 0.0 0.0 0.0 0.0 0.0 0.0 0.0 0.0
0 0.779296875 0.32211962890625 0.01328125 0.0231455078125 0.775396875 0.3292685546875 2 0.77601171875 0.322857421875 2 0.77713984375 0.31698046875 2 0.7789890625 0.3109462890625 2 0.7828828125 0.3297822265625 2 0.781446875 0.32311328125 2 0.78081875 0.3171513671875 2 0.0 0.0 0.0 0.0 0.0 0.0 0.0 0.0 0.0 0.0 0.0 0.0
0 0.618359375 0.33173828125 0.01484375 0.0248046875 0.6132390625 0.3393984375 2 0.614571875 0.3327294921875 2 0.615790625 0.326470703125 2 0.6176421875 0.320375 2 0.62144296875 0.339013671875 2 0.62051953125 0.332857421875 2 0.6196703125 0.3267275390625 2 0.0 0.0 0.0 0.0 0.0 0.0 0.0 0.0 0.0 0.0 0.0 0.0
1 0.58812734375 0.32268994140625 0.0121921875 0.0203798828125 0.58411171875 0.3290126953125 2 0.58515546875 0.3231591796875 2 0.58595234375 0.318314453125 2 0.5876109375 0.312927734375 2 0.59098203125 0.329140625 2 0.5899375 0.32325390625 2 0.5894359375 0.3184970703125 2 0.0 0.0 0.0 0.0 0.0 0.0 0.0 0.0 0.0 0.0 0.0 0.0
1 0.703515625 0.31355419921875 0.01171875 0.0177333984375 0.69990546875 0.3200380859375 2 0.70093125 0.315037109375 2 0.7017203125 0.3101728515625 2 0.7032375 0.30520703125 2 0.70605859375 0.3197822265625 2 0.70544296875 0.315421875 2 0.704840625 0.3103369140625 2 0.0 0.0 0.0 0.0 0.0 0.0 0.0 0.0 0.0 0.0 0.0 0.0
0 0.912465625 0.3338212890625 0.015556249999999999 0.028970703125 0.90533984375 0.34516796875 1 0.9069804687499999 0.3367041015625 1 0.90903125 0.3277265625 2 0.9121078125000001 0.31951953125 2 0.9164148437499999 0.3449111328125 2 0.9156968750000001 0.3355498046875 2 0.9145687499999999 0.32785546875 2 0.0 0.0 0.0 0.0 0.0 0.0 0.0 0.0 0.0 0.0 0.0 0.0
1 0.90390625 0.30830078125 0.0125 0.0228515625 0.90021171875 0.314908203125 2 0.901134375 0.309265625 2 0.9022414062499999 0.3035859375 2 0.90411171875 0.29777734375 2 0.906671875 0.3150361328125 1 0.906159375 0.3093935546875 2 0.90578203125 0.303775390625 2 0.0 0.0 0.0 0.0 0.0 0.0 0.0 0.0 0.0 0.0 0.0 0.0
0 0.90541484375 0.3269921875 0.015517187499999998 0.02703125 0.8996984375 0.3373486328125 1 0.9024671874999999 0.3286279296875 2 0.90349296875 0.3208056640625 2 0.9067437500000001 0.31460546875 2 0.91087578125 0.337861328125 1 0.9091328125 0.328755859375 1 0.9087226562499999 0.320548828125 2 0.0 0.0 0.0 0.0 0.0 0.0 0.0 0.0 0.0 0.0 0.0 0.0
0 0.68515625 0.32531884765625 0.0140625 0.0236845703125 0.68082734375 0.3332431640625 2 0.6818531250000001 0.3269599609375 2 0.68298515625 0.320962890625 2 0.68486015625 0.3149677734375 2 0.68851796875 0.3328583984375 2 0.687734375 0.32705078125 2 0.68667109375 0.321185546875 2 0.0 0.0 0.0 0.0 0.0 0.0 0.0 0.0 0.0 0.0 0.0 0.0
0 0.155859375 0.410546875 0.02890625 0.045703125 0.14811328125 0.427861328125 2 0.14872812500000002 0.4132421875 2 0.14995859375 0.401443359375 2 0.15375 0.38876953125 2 0.164609375 0.4255859375 2 0.1617515625 0.41311328125 2 0.15847031250000002 0.4011875 2 0.0 0.0 0.0 0.0 0.0 0.0 0.0 0.0 0.0 0.0 0.0 0.0
