0 0.694140625 0.505859375 0.06328125 0.09375 0.6792921875 0.5372197265625 2 0.68269140625 0.5112412109375 2 0.6860906250000001 0.4873876953125 2 0.6929429687499999 0.4616015625 2 0.71045234375 0.53556640625 2 0.7055421875000001 0.5102958984375 2 0.70214296875 0.4876240234375 2 0.0 0.0 0.0 0.0 0.0 0.0 0.0 0.0 0.0 0.0 0.0 0.0
0 0.33515625 0.61680224609375 0.090625 0.1300888671875 0.311728125 0.6567509765625 2 0.31536484374999996 0.6233037109375 2 0.3183609375 0.5901240234375 2 0.32841640625 0.553734375 2 0.3573015625 0.6505966796875 2 0.348203125 0.620068359375 2 0.34146875 0.5879833984375 2 0.0 0.0 0.0 0.0 0.0 0.0 0.0 0.0 0.0 0.0 0.0 0.0
1 0.103125 0.34010986328125 0.0109375 0.0161572265625 0.10020156250000001 0.345935546875 2 0.10055624999999999 0.3420283203125 2 0.1011953125 0.336876953125 2 0.10254453125 0.3326142578125 2 0.1060953125 0.3453134765625 2 0.10538515625 0.34140625 2 0.10453281249999999 0.336876953125 2 0.0 0.0 0.0 0.0 0.0 0.0 0.0 0.0 0.0 0.0 0.0 0.0
0 0.253018359375 0.33247509765625 0.01072421875 0.0165126953125 0.24971484375 0.33896484375 2 0.25047265625000004 0.3343681640625 2 0.25112734375 0.3300146484375 2 0.25274375 0.324802734375 2 0.25636562500000004 0.33865625 2 0.25501640625 0.3341279296875 2 0.25437734375 0.3296875 2 0.0 0.0 0.0 0.0 0.0 0.0 0.0 0.0 0.0 0.0 0.0 0.0
1 0.9901632812500001 0.28688720703125 0.008451562499999999 0.0132275390625 0.9878015625 0.2908232421875 2 0.98840234375 0.2872392578125 2 0.9888125000000001 0.2839970703125 2 0.98998515625 0.280166015625 2 0.992215625 0.290607421875 2 0.9913859374999999 0.2872548828125 2 0.9911398437500001 0.284041015625 2 0.0 0.0 0.0 0.0 0.0 0.0 0.0 0.0 0.0 0.0 0.0 0.0
0 0.159765625 0.34153076171875 0.01171875 0.0189990234375 0.15650546875 0.348 2 0.15723515625 0.3423408203125 2 0.157865625 0.3377216796875 2 0.15884921875 0.333169921875 2 0.1627546875 0.348 2 0.161584375 0.342341796875 2 0.16114062499999998 0.337896484375 2 0.0 0.0 0.0 0.0 0.0 0.0 0.0 0.0 0.0 0.0 0.0 0.0
0 0.06953125 0.3486328125 0.0125 0.01953125 0.06661328125 0.355259765625 2 0.06739453125 0.3500205078125 2 0.06796250000000001 0.344603515625 2 0.06944140625 0.3389677734375 2 0.07350156249999999 0.3543720703125 2 0.07215234375 0.34975390625 2 0.071015625 0.344603515625 2 0.0 0.0 0.0 0.0 0.0 0.0 0.0 0.0 0.0 0.0 0.0 0.0
1 0.1856890625 0.33402880859375 0.010440625 0.0157138671875 0.1823984375 0.33933984375 2 0.183121875 0.3350751953125 2 0.18378828125 0.3312470703125 2 0.1852375 0.3269345703125 2 0.18855546875 0.3389443359375 2 0.187703125 0.335037109375 2 0.186921875 0.331041015625 2 0.0 0.0 0.0 0.0 0.0 0.0 0.0 0.0 0.0 0.0 0.0 0.0
0 0.5622511718750001 0.31165673828125 0.01043984375 0.0158916015625 0.55882421875 0.3173203125 2 0.55952578125 0.3130869140625 2 0.5600203125000001 0.3091396484375 2 0.5613296875 0.3046982421875 2 0.56483671875 0.3170615234375 2 0.5633453125 0.3130654296875 2 0.562578125 0.30916015625 2 0.0 0.0 0.0 0.0 0.0 0.0 0.0 0.0 0.0 0.0 0.0 0.0
0 0.337002734375 0.3241298828125 0.00994296875 0.015447265625 0.33408906250000003 0.3300146484375 2 0.334821875 0.325662109375 2 0.33550703125000003 0.32173828125 2 0.336675 0.317484375 2 0.33994140625 0.3296884765625 2 0.3389515625 0.325671875 2 0.33839140625 0.321921875 2 0.0 0.0 0.0 0.0 0.0 0.0 0.0 0.0 0.0 0.0 0.0 0.0
