0 0.56640625 0.53955078125 0.06875 0.1044921875 0.54877421875 0.5738984375 2 0.55208125 0.5445029296875 2 0.5557046875 0.5191591796875 2 0.565309375 0.488697265625 2 0.5840484375 0.5722900390625 2 0.57973515625 0.543787109375 2 0.57521796875 0.517802734375 2 0.0 0.0 0.0 0.0 0.0 0.0 0.0 0.0 0.0 0.0 0.0 0.0
0 0.766015625 0.41656005859375 0.03984375 0.0616357421875 0.7555570312500001 0.436751953125 2 0.75811640625 0.419927734375 2 0.76070859375 0.40383984375 2 0.7663546875 0.38727734375 2 0.77594453125 0.436947265625 2 0.7739210937500001 0.42040625 2 0.7714023437499999 0.4045634765625 2 0.0 0.0 0.0 0.0 0.0 0.0 0.0 0.0 0.0 0.0 0.0 0.0
0 0.033984375 0.4283203125 0.03828125 0.051953125 0.025390625 0.44677734375 2 0.026015624999999997 0.43232421875 2 0.026250000000000002 0.41904296875 2 0.030634375000000002 0.4032451171875 2 0.044453124999999996 0.44423828125 2 0.04109375 0.43046875 2 0.03758671875 0.4180927734375 2 0.0 0.0 0.0 0.0 0.0 0.0 0.0 0.0 0.0 0.0 0.0 0.0
0 0.4125 0.365380859375 0.0203125 0.03544921875 0.40680781250000003 0.377865234375 2 0.4081359375 0.3678046875 2 0.4093859375 0.3582314453125 2 0.41210625 0.3493681640625 2 0.41836874999999996 0.377767578125 2 0.41649375 0.3681953125 2 0.41515859375 0.3583779296875 2 0.0 0.0 0.0 0.0 0.0 0.0 0.0 0.0 0.0 0.0 0.0 0.0
0 0.2015625 0.40283203125 0.028125 0.0419921875 0.19438515625 0.4187841796875 2 0.19501015625 0.4057919921875 2 0.19618203125 0.39358203125 2 0.199228125 0.381859375 2 0.2100078125 0.4174169921875 2 0.20680546875 0.4049130859375 2 0.20461796875 0.393484375 2 0.0 0.0 0.0 0.0 0.0 0.0 0.0 0.0 0.0 0.0 0.0 0.0
0 0.8359375 0.378224609375 0.0296875 0.04746484375 0.8269273437500001 0.39633984375 2 0.82967578125 0.3820400390625 2 0.8315070312499999 0.3697158203125 2 0.8369125000000001 0.355970703125 2 0.84412421875 0.39633984375 2 0.84190859375 0.38170703125 2 0.8403124999999999 0.369513671875 2 0.0 0.0 0.0 0.0 0.0 0.0 0.0 0.0 0.0 0.0 0.0 0.0
1 0.092578125 0.38232421875 0.02265625 0.0361328125 0.087109375 0.39619140625 2 0.08813359375 0.3858671875 2 0.08844687500000001 0.376685546875 2 0.09094609375 0.3663310546875 2 0.09929687499999999 0.39560546875 2 0.0974296875 0.38557421875 2 0.09539062499999999 0.376171875 2 0.0 0.0 0.0 0.0 0.0 0.0 0.0 0.0 0.0 0.0 0.0 0.0
1 0.379296875 0.34111328125 0.01484375 0.0259765625 0.3746203125 0.3505205078125 2 0.3757140625 0.343681640625 2 0.376359375 0.3368583984375 2 0.37813515625 0.3308857421875 2 0.383446875 0.3505205078125 2 0.381571875 0.3434873046875 2 0.38054296875000004 0.3371357421875 2 0.0 0.0 0.0 0.0 0.0 0.0 0.0 0.0 0.0 0.0 0.0 0.0
0 0.5393828125 0.34356201171875 0.016265625 0.0289208984375 0.53508828125 0.3533525390625 2 0.5359476562500001 0.344755859375 2 0.5368234375000001 0.337689453125 2 0.53930625 0.330298828125 2 0.54414921875 0.35315625 2 0.54274296875 0.344853515625 2 0.54203125 0.3375 2 0.0 0.0 0.0 0.0 0.0 0.0 0.0 0.0 0.0 0.0 0.0 0.0
1 0.471875 0.332275390625 0.0140625 0.02392578125 0.46797890625000005 0.3391923828125 2 0.46914999999999996 0.3328427734375 2 0.469921875 0.32724609375 2 0.4719078125 0.320849609375 2 0.47563359375 0.3395830078125 2 0.474921875 0.3330078125 2 0.47375 0.32705078125 2 0.0 0.0 0.0 0.0 0.0 0.0 0.0 0.0 0.0 0.0 0.0 0.0
0 0.88335234375 0.35261474609375 0.0229546875 0.0372607421875 0.8760382812499999 0.3667333984375 2 0.87805625 0.3564765625 2 0.8803070312499999 0.3457275390625 2 0.88454140625 0.3348486328125 2 0.88969453125 0.3670263671875 2 0.8882101562500001 0.3564765625 2 0.8867265625 0.3457314453125 2 0.0 0.0 0.0 0.0 0.0 0.0 0.0 0.0 0.0 0.0 0.0 0.0
0 0.873974609375 0.32422607421875 0.01513671875 0.0254052734375 0.86915 0.3342119140625 2 0.87032109375 0.3274716796875 2 0.87152109375 0.3191865234375 2 0.8741492187500001 0.312068359375 2 0.8781328125 0.3339189453125 2 0.8773515625 0.3272763671875 2 0.8764921875 0.31916796875 2 0.0 0.0 0.0 0.0 0.0 0.0 0.0 0.0 0.0 0.0 0.0 0.0
0 0.499609375 0.351220703125 0.01796875 0.03056640625 0.49469765624999995 0.3622412109375 2 0.49594765625 0.3533525390625 2 0.4968265625 0.344474609375 2 0.49924765625 0.336634765625 2 0.50532109375 0.3623388671875 2 0.503915625 0.3534501953125 2 0.502040625 0.344658203125 2 0.0 0.0 0.0 0.0 0.0 0.0 0.0 0.0 0.0 0.0 0.0 0.0
1 0.810546875 0.31005859375 0.01328125 0.0205078125 0.807265625 0.31689453125 2 0.80813359375 0.31116015625 2 0.8090624999999999 0.30634765625 2 0.8106328125 0.3012939453125 2 0.8139843750000001 0.3169921875 2 0.812734375 0.31123046875 2 0.8121875 0.30673828125 2 0.0 0.0 0.0 0.0 0.0 0.0 0.0 0.0 0.0 0.0 0.0 0.0
1 0.2125 0.3661318359375 0.01875 0.033044921875 0.20851484375 0.3770048828125 2 0.20883359375000002 0.36803125 2 0.2093125 0.3600546875 2 0.211625 0.3513798828125 2 0.2186453125 0.3766064453125 2 0.217209375 0.367931640625 2 0.21529453125 0.3600546875 2 0.0 0.0 0.0 0.0 0.0 0.0 0.0 0.0 0.0 0.0 0.0 0.0
0 0.776953125 0.3232421875 0.01484375 0.0234375 0.7724328125000001 0.332650390625 2 0.7737609375 0.32512890625 2 0.7747015625 0.3189853515625 2 0.77671171875 0.312716796875 2 0.78047890625 0.332748046875 2 0.77938515625 0.32532421875 2 0.77866484375 0.31926171875 2 0.0 0.0 0.0 0.0 0.0 0.0 0.0 0.0 0.0 0.0 0.0 0.0
0 0.904296875 0.33968896484375 0.01953125 0.0309404296875 0.89797734375 0.351302734375 2 0.89959375 0.3427294921875 2 0.9014140625 0.3326474609375 2 0.9045390624999999 0.3245390625 2 0.9093039062500001 0.351595703125 2 0.90844453125 0.342611328125 2 0.90727265625 0.3328427734375 2 0.0 0.0 0.0 0.0 0.0 0.0 0.0 0.0 0.0 0.0 0.0 0.0
0 0.67578125 0.327744140625 0.0140625 0.02462890625 0.67196328125 0.336560546875 2 0.6731351562500001 0.3290390625 2 0.67393359375 0.322638671875 2 0.67591484375 0.316333984375 2 0.68032109375 0.336267578125 2 0.67891484375 0.32884375 2 0.67786328125 0.3228447265625 2 0.0 0.0 0.0 0.0 0.0 0.0 0.0 0.0 0.0 0.0 0.0 0.0
0 0.601953125 0.333349609375 0.01484375 0.02802734375 0.597665625 0.3435859375 2 0.5988374999999999 0.336845703125 2 0.59991640625 0.3288701171875 2 0.6019125 0.3223701171875 2 0.6057109374999999 0.3435859375 2 0.60477421875 0.336748046875 2 0.6040390625 0.329173828125 2 0.0 0.0 0.0 0.0 0.0 0.0 0.0 0.0 0.0 0.0 0.0 0.0
1 0.916375390625 0.3074853515625 0.012438281249999999 0.021220703125 0.91297421875 0.3156533203125 2 0.9139265625 0.3093662109375 2 0.9149617187500001 0.3036650390625 2 0.9172156250000001 0.2976162109375 2 0.9204734374999999 0.3155556640625 2 0.9196429687500001 0.3092685546875 2 0.9189890625 0.303541015625 2 0.0 0.0 0.0 0.0 0.0 0.0 0.0 0.0 0.0 0.0 0.0 0.0
1 0.705859375 0.314693359375 0.01171875 0.02001171875 0.70180546875 0.3220029296875 2 0.70321171875 0.315806640625 2 0.703978125 0.31123046875 2 0.705571875 0.30593359375 2 0.7084453125 0.3219052734375 2 0.7076625 0.3158642578125 2 0.70723203125 0.3113662109375 2 0.0 0.0 0.0 0.0 0.0 0.0 0.0 0.0 0.0 0.0 0.0 0.0
1 0.58125 0.3232421875 0.0125 0.021484375 0.57774453125 0.3310859375 2 0.57868203125 0.325126953125 2 0.5796617187499999 0.31923828125 2 0.5813273437500001 0.3135302734375 2 0.5851656249999999 0.33128125 2 0.583915625 0.325029296875 2 0.582946875 0.319328125 2 0.0 0.0 0.0 0.0 0.0 0.0 0.0 0.0 0.0 0.0 0.0 0.0
0 0.31953125 0.381884765625 0.025 0.03916015625 0.312734375 0.3947265625 2 0.313984375 0.383984375 2 0.315 0.37412109375 2 0.31829140625 0.3642841796875 2 0.32640625 0.39453125 2 0.32492187499999997 0.3833984375 2 0.322734375 0.37373046875 2 0.0 0.0 0.0 0.0 0.0 0.0 0.0 0.0 0.0 0.0 0.0 0.0
1 0.300390625 0.35146484375 0.01640625 0.0291015625 0.29546875 0.3611328125 2 0.296875 0.3537109375 2 0.2975859375 0.3467099609375 2 0.299853125 0.3387958984375 2 0.3046875 0.3607421875 2 0.30375 0.35390625 2 0.30227421875 0.3465126953125 2 0.0 0.0 0.0 0.0 0.0 0.0 0.0 0.0 0.0 0.0 0.0 0.0
