0 0.152734375 0.5390625 0.06953125 0.09765625 0.1368296875 0.572158203125 2 0.1392734375 0.54605078125 2 0.14075703125 0.5197666015625 2 0.14842265625 0.49471875 2 0.171171875 0.568625 2 0.165484375 0.543267578125 2 0.15905546875 0.5169833984375 2 0.0 0.0 0.0 0.0 0.0 0.0 0.0 0.0 0.0 0.0 0.0 0.0
1 0.957898046875 0.490234375 0.06579609374999999 0.08984375 0.94012421875 0.518400390625 2 0.9456515624999999 0.493712890625 2 0.9506523437500001 0.4706708984375 2 0.9609179687499999 0.44762890625 2 0.973815625 0.5207041015625 2 0.97065703125 0.495029296875 2 0.9680249999999999 0.4713291015625 2 0.0 0.0 0.0 0.0 0.0 0.0 0.0 0.0 0.0 0.0 0.0 0.0
0 0.09375 0.68408203125 0.1078125 0.1552734375 0.06706484375 0.734021484375 2 0.0693484375 0.6949853515625 2 0.07277421875 0.654044921875 2 0.08305234375000001 0.61310546875 2 0.12150000000000001 0.7221201171875 2 0.11160234375 0.6845126953125 2 0.10170546875 0.6483330078125 2 0.0 0.0 0.0 0.0 0.0 0.0 0.0 0.0 0.0 0.0 0.0 0.0
1 0.730078125 0.42529296875 0.04140625 0.0615234375 0.718975 0.445138671875 2 0.7217484375 0.4289501953125 2 0.7243375000000001 0.4125302734375 2 0.72981796875 0.395384765625 2 0.73968671875 0.443982421875 2 0.737653125 0.4287197265625 2 0.73561875 0.4125302734375 2 0.0 0.0 0.0 0.0 0.0 0.0 0.0 0.0 0.0 0.0 0.0 0.0
0 0.248046875 0.45703125 0.04140625 0.06640625 0.2363390625 0.481017578125 2 0.2379453125 0.4625380859375 2 0.2397125 0.4440576171875 2 0.24485234375 0.426380859375 2 0.259790625 0.478607421875 2 0.25529296874999996 0.4607294921875 2 0.25237031249999997 0.4430908203125 2 0.0 0.0 0.0 0.0 0.0 0.0 0.0 0.0 0.0 0.0 0.0 0.0
0 0.283984375 0.42138671875 0.03203125 0.0517578125 0.2760203125 0.4374384765625 2 0.27730546875 0.4239794921875 2 0.27885390625 0.408974609375 2 0.28340624999999997 0.3954794921875 2 0.29368984375 0.4362333984375 2 0.29111953125 0.4227744140625 2 0.2880671875 0.4089140625 2 0.0 0.0 0.0 0.0 0.0 0.0 0.0 0.0 0.0 0.0 0.0 0.0
0 0.351171875 0.37890625 0.02265625 0.037109375 0.34498046875 0.392056640625 2 0.34625 0.3820546875 2 0.347265625 0.3715771484375 2 0.3501859375 0.362052734375 2 0.35780234375000003 0.3918974609375 2 0.35577109375 0.3820546875 2 0.3538671875 0.3714189453125 2 0.0 0.0 0.0 0.0 0.0 0.0 0.0 0.0 0.0 0.0 0.0 0.0
0 0.396484375 0.3681640625 0.02109375 0.033203125 0.390909375 0.37965234375 2 0.39192578125 0.3702490234375 2 0.3933203125 0.3600166015625 2 0.39619375 0.351314453125 2 0.40279921874999997 0.37990625 2 0.40096953125 0.37012109375 2 0.39975 0.36008203125 2 0.0 0.0 0.0 0.0 0.0 0.0 0.0 0.0 0.0 0.0 0.0 0.0
0 0.309765625 0.3955078125 0.02578125 0.04296875 0.3026890625 0.4103291015625 2 0.30365234375 0.39887890625 2 0.3050984375 0.3866259765625 2 0.30815000000000003 0.3753779296875 2 0.31762734375 0.4101279296875 2 0.315378125 0.39887890625 2 0.31280859375 0.3866259765625 2 0.0 0.0 0.0 0.0 0.0 0.0 0.0 0.0 0.0 0.0 0.0 0.0
1 0.662890625 0.39453125 0.03046875 0.046875 0.654646875 0.408876953125 2 0.6564234375 0.3973935546875 2 0.6582007812499999 0.384181640625 2 0.66244921875 0.3715947265625 2 0.67153046875 0.409494140625 2 0.6695554687499999 0.397640625 2 0.66688984375 0.38405859375 2 0.0 0.0 0.0 0.0 0.0 0.0 0.0 0.0 0.0 0.0 0.0 0.0
1 0.69609375 0.359375 0.0203125 0.033203125 0.68953046875 0.3702861328125 2 0.6913125 0.3602578125 2 0.692634375 0.3511708984375 2 0.6954445312499999 0.3421337890625 2 0.7014109375 0.3702861328125 2 0.69948046875 0.360443359375 2 0.698346875 0.3513662109375 2 0.0 0.0 0.0 0.0 0.0 0.0 0.0 0.0 0.0 0.0 0.0 0.0
1 0.72578125 0.3447265625 0.01875 0.029296875 0.72071796875 0.3537568359375 2 0.72131171875 0.346513671875 2 0.7230109375 0.337572265625 2 0.72548125 0.329923828125 2 0.72992578125 0.353943359375 2 0.72933203125 0.346328125 2 0.72803671875 0.33785546875 2 0.0 0.0 0.0 0.0 0.0 0.0 0.0 0.0 0.0 0.0 0.0 0.0
1 0.765234375 0.333984375 0.01640625 0.025390625 0.76086875 0.341451171875 2 0.76133203125 0.3343740234375 2 0.7624570312500001 0.327197265625 2 0.7647398437499999 0.320236328125 2 0.76931015625 0.3408701171875 2 0.768475 0.3348388671875 2 0.76695234375 0.3274091796875 2 0.0 0.0 0.0 0.0 0.0 0.0 0.0 0.0 0.0 0.0 0.0 0.0
0 0.474609375 0.3525390625 0.01640625 0.029296875 0.47020078125 0.3636123046875 2 0.4712109375 0.355716796875 2 0.47196875 0.3462421875 2 0.47452734375 0.3385263671875 2 0.48030234375 0.3637705078125 2 0.4787875 0.3560322265625 2 0.477271875 0.34734765625 2 0.0 0.0 0.0 0.0 0.0 0.0 0.0 0.0 0.0 0.0 0.0 0.0
1 0.819921875 0.32666015625 0.01484375 0.0244140625 0.8155554687500001 0.334111328125 2 0.81664921875 0.32776171875 2 0.81758671875 0.321216796875 2 0.81990703125 0.3139990234375 2 0.8236796875 0.334111328125 2 0.8226640625 0.32776171875 2 0.8220390625 0.321216796875 2 0.0 0.0 0.0 0.0 0.0 0.0 0.0 0.0 0.0 0.0 0.0 0.0
1 0.9625 0.31787109375 0.0140625 0.0224609375 0.9571171875 0.3251298828125 2 0.9584453125 0.3188779296875 2 0.95969453125 0.3132119140625 2 0.962615625 0.3057041015625 2 0.9661781250000001 0.3255205078125 2 0.96485 0.3191708984375 2 0.9643820312500001 0.313505859375 2 0.0 0.0 0.0 0.0 0.0 0.0 0.0 0.0 0.0 0.0 0.0 0.0
1 0.884765625 0.32177734375 0.01484375 0.0224609375 0.8804132812500001 0.3286552734375 2 0.8815421875 0.323107421875 2 0.8828226562499999 0.3153603515625 2 0.8847367187499999 0.3100546875 2 0.8887203124999999 0.328755859375 2 0.8875109374999999 0.3228046875 2 0.88649375 0.3154580078125 2 0.0 0.0 0.0 0.0 0.0 0.0 0.0 0.0 0.0 0.0 0.0 0.0
0 0.53984375 0.33544921875 0.0140625 0.0224609375 0.53645 0.3430341796875 2 0.5373484375 0.3367177734375 2 0.5380210937500001 0.32972265625 2 0.53981015625 0.3239736328125 2 0.54408359375 0.3431748046875 2 0.5425117187499999 0.336857421875 2 0.54172578125 0.3296982421875 2 0.0 0.0 0.0 0.0 0.0 0.0 0.0 0.0 0.0 0.0 0.0 0.0
0 0.0735234375 0.350294921875 0.014234374999999999 0.02090234375 0.06956484375000001 0.357822265625 2 0.06967421875 0.352189453125 2 0.07039999999999999 0.346125 2 0.07214921875 0.34068359375 2 0.0780234375 0.3576845703125 2 0.07571640625 0.3523271484375 2 0.07417890625 0.34614453125 2 0.0 0.0 0.0 0.0 0.0 0.0 0.0 0.0 0.0 0.0 0.0 0.0
0 0.492578125 0.3427734375 0.01484375 0.025390625 0.48863671875000003 0.351294921875 2 0.48939374999999996 0.3446630859375 2 0.49096171875000005 0.336888671875 2 0.49280546875000003 0.33028515625 2 0.497475 0.351453125 2 0.4960859375 0.344505859375 2 0.49476718750000004 0.337056640625 2 0.0 0.0 0.0 0.0 0.0 0.0 0.0 0.0 0.0 0.0 0.0 0.0
0 0.0296015625 0.35888671875 0.013890625 0.0244140625 0.02528828125 0.3670263671875 2 0.025617968749999998 0.36001953125 2 0.0261671875 0.3537001953125 2 0.027809374999999997 0.346833984375 2 0.0339671875 0.3664765625 2 0.032758593749999995 0.3598818359375 2 0.03056171875 0.3537001953125 2 0.0 0.0 0.0 0.0 0.0 0.0 0.0 0.0 0.0 0.0 0.0 0.0
0 0.606640625 0.3271484375 0.01328125 0.021484375 0.60246640625 0.33503515625 2 0.6033640625000001 0.3287177734375 2 0.604240625 0.322642578125 2 0.60608125 0.3173349609375 2 0.6096507812499999 0.33475390625 2 0.60863984375 0.3289990234375 2 0.60780546875 0.3229228515625 2 0.0 0.0 0.0 0.0 0.0 0.0 0.0 0.0 0.0 0.0 0.0 0.0
0 0.93203125 0.31005859375 0.0109375 0.0185546875 0.927821875 0.3151669921875 2 0.929071875 0.310478515625 2 0.9301656250000001 0.3053994140625 2 0.9319218749999999 0.3001357421875 2 0.9346960937500001 0.3153623046875 2 0.9336804687500001 0.310478515625 2 0.9332898437500001 0.3053994140625 2 0.0 0.0 0.0 0.0 0.0 0.0 0.0 0.0 0.0 0.0 0.0 0.0
0 0.1369515625 0.338970703125 0.009840625 0.01778515625 0.13373203125 0.3449150390625 2 0.13428125 0.34079296875 2 0.13479375 0.335474609375 2 0.13610703125 0.331056640625 2 0.14010390625 0.344365234375 2 0.139225 0.3405185546875 2 0.13801640625 0.3357099609375 2 0.0 0.0 0.0 0.0 0.0 0.0 0.0 0.0 0.0 0.0 0.0 0.0
0 0.675390625 0.3232421875 0.01171875 0.01953125 0.67229921875 0.329701171875 2 0.6726359375000001 0.3243671875 2 0.6737960937499999 0.3182158203125 2 0.6754734375 0.313302734375 2 0.67881015625 0.329560546875 2 0.6783609375 0.3242265625 2 0.6770765625 0.3184560546875 2 0.0 0.0 0.0 0.0 0.0 0.0 0.0 0.0 0.0 0.0 0.0 0.0
0 0.112109375 0.345505859375 0.01171875 0.01913671875 0.1089 0.3516435546875 2 0.10977890625 0.3460107421875 2 0.11033437500000001 0.34075390625 2 0.11185078125 0.3357177734375 2 0.116809375 0.3512314453125 2 0.1149421875 0.346560546875 2 0.11335625 0.340955078125 2 0.0 0.0 0.0 0.0 0.0 0.0 0.0 0.0 0.0 0.0 0.0 0.0
1 0.670703125 0.37060546875 0.02421875 0.0361328125 0.6633859375 0.3851376953125 1 0.66472265625 0.3758515625 2 0.66666171875 0.3641533203125 2 0.67038671875 0.353955078125 2 0.67660390625 0.3853232421875 2 0.67511875 0.3754794921875 2 0.6734023437500001 0.364310546875 2 0.0 0.0 0.0 0.0 0.0 0.0 0.0 0.0 0.0 0.0 0.0 0.0
0 0.848046875 0.312451171875 0.01171875 0.02138671875 0.844921875 0.31845703125 2 0.84535859375 0.3136201171875 2 0.846025 0.309013671875 2 0.847890625 0.30380859375 2 0.850859375 0.3185546875 2 0.84952890625 0.3136025390625 2 0.8491312499999999 0.3091875 2 0.0 0.0 0.0 0.0 0.0 0.0 0.0 0.0 0.0 0.0 0.0 0.0
