0 0.576171875 0.56201171875 0.07421875 0.1123046875 0.5568875 0.5997314453125 2 0.5604875 0.5682138671875 2 0.5646023437500001 0.5389482421875 2 0.57462890625 0.507060546875 2 0.59571953125 0.598123046875 2 0.5898046875 0.565962890625 2 0.58466171875 0.5389482421875 2 0.0 0.0 0.0 0.0 0.0 0.0 0.0 0.0 0.0 0.0 0.0 0.0
0 0.76719140625 0.42305517578125 0.0406328125 0.0629072265625 0.756396875 0.4441845703125 2 0.75879921875 0.4280361328125 2 0.7616625 0.4103076171875 2 0.7677945312500001 0.3935947265625 2 0.7773156250000001 0.4437939453125 2 0.77577265625 0.4280361328125 2 0.773025 0.4109091796875 2 0.0 0.0 0.0 0.0 0.0 0.0 0.0 0.0 0.0 0.0 0.0 0.0
0 0.833203125 0.38330078125 0.03046875 0.0478515625 0.82332265625 0.4011611328125 2 0.82603125 0.387234375 2 0.8283390624999999 0.37343359375 2 0.833 0.360583984375 2 0.8402773437500001 0.4007841796875 2 0.83867265625 0.3876103515625 2 0.83736796875 0.3738095703125 2 0.0 0.0 0.0 0.0 0.0 0.0 0.0 0.0 0.0 0.0 0.0 0.0
0 0.175 0.40869140625 0.03125 0.0458984375 0.16797890625 0.4262080078125 2 0.16790078125000002 0.4127275390625 2 0.16844765625 0.3994423828125 2 0.172353125 0.3866455078125 2 0.18367890625 0.423765625 2 0.18063281250000002 0.4113603515625 2 0.17782109375 0.3993447265625 2 0.0 0.0 0.0 0.0 0.0 0.0 0.0 0.0 0.0 0.0 0.0 0.0
0 0.39296875 0.368603515625 0.0203125 0.03603515625 0.3865734375 0.3819677734375 2 0.38852578125 0.3721015625 2 0.38969765624999997 0.3622353515625 2 0.392759375 0.352234375 2 0.39930546875 0.3820654296875 2 0.39735312500000003 0.37190625 2 0.3957125 0.3621376953125 2 0.0 0.0 0.0 0.0 0.0 0.0 0.0 0.0 0.0 0.0 0.0 0.0
1 0.276171875 0.35517578125 0.01640625 0.0287109375 0.2712625 0.3644873046875 2 0.272590625 0.3564775390625 2 0.27349531250000003 0.349005859375 2 0.2758203125 0.3416162109375 2 0.2811046875 0.3643896484375 2 0.27923046875 0.3564775390625 2 0.27798359375000004 0.3491728515625 2 0.0 0.0 0.0 0.0 0.0 0.0 0.0 0.0 0.0 0.0 0.0 0.0
0 0.521875 0.344189453125 0.0171875 0.03212890625 0.51623984375 0.3563017578125 2 0.517871875 0.34854296875 2 0.5190148437500001 0.3405810546875 2 0.5215687499999999 0.3320322265625 2 0.5272593750000001 0.356505859375 2 0.52521875 0.34854296875 2 0.5241578125 0.3405810546875 2 0.0 0.0 0.0 0.0 0.0 0.0 0.0 0.0 0.0 0.0 0.0 0.0
0 0.48203125 0.352392578125 0.01875 0.03095703125 0.47705000000000003 0.3655908203125 2 0.47786640625 0.35630078125 2 0.47884609375 0.34854296875 2 0.481809375 0.33840625 2 0.48774375000000003 0.36548828125 2 0.48594765625 0.3564033203125 2 0.48480468749999994 0.3487470703125 2 0.0 0.0 0.0 0.0 0.0 0.0 0.0 0.0 0.0 0.0 0.0 0.0
1 0.356912890625 0.34455322265625 0.013825781249999999 0.0250439453125 0.3525 0.353515625 2 0.35335937500000003 0.3466796875 2 0.3540625 0.3400390625 2 0.35579140625 0.3325458984375 2 0.360859375 0.35341796875 2 0.35945312500000004 0.34638671875 2 0.357890625 0.3400390625 2 0.0 0.0 0.0 0.0 0.0 0.0 0.0 0.0 0.0 0.0 0.0 0.0
0 0.8758593749999999 0.35478515625 0.02515625 0.0396484375 0.86857109375 0.3697392578125 2 0.87030625 0.3599853515625 2 0.87249921875 0.3483857421875 2 0.8763578125 0.3369580078125 2 0.88143515625 0.3704814453125 2 0.88031796875 0.360068359375 2 0.8785921875 0.3486396484375 2 0.0 0.0 0.0 0.0 0.0 0.0 0.0 0.0 0.0 0.0 0.0 0.0
1 0.1859375 0.36962890625 0.01875 0.0322265625 0.18070312500000002 0.38134765625 2 0.18157265625000002 0.3718076171875 2 0.18211953125 0.3639931640625 2 0.18461875 0.3543232421875 2 0.191953125 0.38076171875 2 0.19007812500000001 0.371875 2 0.18813359375 0.3639931640625 2 0.0 0.0 0.0 0.0 0.0 0.0 0.0 0.0 0.0 0.0 0.0 0.0
0 0.858203125 0.325732421875 0.01640625 0.02646484375 0.853815625 0.336322265625 2 0.8549328125000001 0.3288310546875 2 0.8563546875 0.3210849609375 2 0.8590960937500001 0.3138466796875 2 0.8629546875 0.3361953125 2 0.86224375 0.3287041015625 2 0.861228125 0.3209580078125 2 0.0 0.0 0.0 0.0 0.0 0.0 0.0 0.0 0.0 0.0 0.0 0.0
1 0.792578125 0.311962890625 0.01328125 0.02236328125 0.78901796875 0.3203310546875 2 0.7897093749999999 0.313302734375 2 0.79047578125 0.3084599609375 2 0.7922617187500001 0.3029736328125 2 0.79609375 0.32021484375 2 0.7945015625 0.3133466796875 2 0.7940414062500001 0.3086240234375 2 0.0 0.0 0.0 0.0 0.0 0.0 0.0 0.0 0.0 0.0 0.0 0.0
0 0.583984375 0.33614501953125 0.01484375 0.0258056640625 0.58 0.34560546875 2 0.5807921875 0.33880078125 2 0.58205703125 0.330771484375 2 0.58403828125 0.324109375 2 0.588359375 0.34501953125 2 0.58727578125 0.3388984375 2 0.58611640625 0.3309345703125 2 0.0 0.0 0.0 0.0 0.0 0.0 0.0 0.0 0.0 0.0 0.0 0.0
0 0.659765625 0.3304970703125 0.01484375 0.024275390625 0.654853125 0.3388984375 2 0.656571875 0.331279296875 2 0.657196875 0.32522265625 2 0.6591750000000001 0.3194599609375 2 0.6634453125 0.33880078125 2 0.66157109375 0.331376953125 2 0.66071171875 0.32522265625 2 0.0 0.0 0.0 0.0 0.0 0.0 0.0 0.0 0.0 0.0 0.0 0.0
0 0.760546875 0.326171875 0.01484375 0.0234375 0.755203125 0.33455078125 2 0.75682734375 0.3271865234375 2 0.75814765625 0.3209638671875 2 0.760303125 0.3137177734375 2 0.76454453125 0.3346787109375 2 0.7631234375 0.3270595703125 2 0.7625140625 0.3210908203125 2 0.0 0.0 0.0 0.0 0.0 0.0 0.0 0.0 0.0 0.0 0.0 0.0
0 0.893144921875 0.3415244140625 0.020664843750000002 0.034611328125 0.8871874999999999 0.3541015625 2 0.88874609375 0.344576171875 2 0.8905242187500001 0.3352490234375 2 0.8937664062499999 0.32589453125 2 0.8990015625 0.3542275390625 2 0.89758046875 0.344576171875 2 0.896478125 0.33544140625 2 0.0 0.0 0.0 0.0 0.0 0.0 0.0 0.0 0.0 0.0 0.0 0.0
1 0.562109375 0.3256103515625 0.01328125 0.022314453125 0.558203125 0.33359375 2 0.55930546875 0.327080078125 2 0.560078125 0.32138671875 2 0.5618046875 0.3152607421875 2 0.5658593749999999 0.3333984375 2 0.564453125 0.3271484375 2 0.56328125 0.3212890625 2 0.0 0.0 0.0 0.0 0.0 0.0 0.0 0.0 0.0 0.0 0.0 0.0
1 0.8991667968750001 0.31005859375 0.01239609375 0.0205078125 0.895246875 0.317662109375 2 0.89595703125 0.311439453125 2 0.8971875 0.3056640625 2 0.8992531250000001 0.2997578125 2 0.9023546874999999 0.31753515625 2 0.9015421874999999 0.311439453125 2 0.9010546875 0.3055458984375 2 0.0 0.0 0.0 0.0 0.0 0.0 0.0 0.0 0.0 0.0 0.0 0.0
0 0.45084296874999996 0.33357177734375 0.0141859375 0.0245654296875 0.447265625 0.3423828125 2 0.4480921875 0.3363740234375 2 0.44886640624999996 0.32945703125 2 0.451015625 0.32265625 2 0.45461875 0.3425986328125 2 0.4536234375 0.3363740234375 2 0.4525171875 0.329595703125 2 0.0 0.0 0.0 0.0 0.0 0.0 0.0 0.0 0.0 0.0 0.0 0.0
1 0.68677734375 0.31627197265625 0.0110546875 0.0192626953125 0.68359375 0.3234375 2 0.6843843749999999 0.3172158203125 2 0.6846875 0.31337890625 2 0.68674140625 0.3079501953125 2 0.6900000000000001 0.32294921875 2 0.68907109375 0.3173134765625 2 0.688515625 0.3134150390625 2 0.0 0.0 0.0 0.0 0.0 0.0 0.0 0.0 0.0 0.0 0.0 0.0
0 0.2975625 0.38551611328125 0.0248125 0.0405634765625 0.291015625 0.40029296875 2 0.292109375 0.38974609375 2 0.2934375 0.3783203125 2 0.296328125 0.36669921875 2 0.305 0.399609375 2 0.30265624999999996 0.38876953125 2 0.3003125 0.378125 2 0.0 0.0 0.0 0.0 0.0 0.0 0.0 0.0 0.0 0.0 0.0 0.0
1 0.060923046875 0.38753369140625 0.02653359375 0.0387392578125 0.05399374999999999 0.4015947265625 2 0.055009375000000006 0.391435546875 2 0.05589609375 0.381751953125 2 0.058446093750000004 0.37180078125 2 0.06688203125 0.4009111328125 2 0.06461718749999999 0.390751953125 2 0.061961718750000006 0.3816669921875 2 0.0 0.0 0.0 0.0 0.0 0.0 0.0 0.0 0.0 0.0 0.0 0.0
