0 0.447265625 0.68310546875 0.10546875 0.1611328125 0.41978125000000005 0.7279921875 2 0.4253265625 0.6874365234375 2 0.4307953125 0.6491650390625 2 0.44282421875000005 0.6073505859375 2 0.47328828125 0.727015625 2 0.46469531249999996 0.6869638671875 2 0.456103125 0.6459365234375 2 0.0 0.0 0.0 0.0 0.0 0.0 0.0 0.0 0.0 0.0 0.0 0.0
0 0.427734375 0.5086376953125 0.05234375 0.091494140625 0.41175546875 0.5390556640625 2 0.41481250000000003 0.5139775390625 2 0.41653203124999993 0.4915263671875 2 0.42341015625 0.465732421875 2 0.44281484375 0.534982421875 2 0.43697656250000005 0.511828125 2 0.43258203125000005 0.49009375 2 0.0 0.0 0.0 0.0 0.0 0.0 0.0 0.0 0.0 0.0 0.0 0.0
0 0.45234375 0.43701171875 0.0375 0.0615234375 0.44117968750000003 0.4571337890625 2 0.44328124999999996 0.4399375 2 0.44557421875000003 0.4244130859375 2 0.45004218749999997 0.406892578125 2 0.46238828125 0.45641796875 2 0.45856718750000003 0.4385048828125 2 0.45608359375 0.4241748046875 2 0.0 0.0 0.0 0.0 0.0 0.0 0.0 0.0 0.0 0.0 0.0 0.0
0 0.572265625 0.365234375 0.02265625 0.037109375 0.565625 0.37939453125 2 0.567578125 0.36875 2 0.568828125 0.35888671875 2 0.5718492187499999 0.3469814453125 2 0.5790625 0.37900390625 2 0.57625 0.36875 2 0.5743750000000001 0.3587890625 2 0.0 0.0 0.0 0.0 0.0 0.0 0.0 0.0 0.0 0.0 0.0 0.0
1 0.87421875 0.33546875 0.0203125 0.03421875 0.86806953125 0.3472490234375 2 0.869703125 0.3381025390625 2 0.87098125 0.3284873046875 2 0.8747539062499999 0.3202626953125 2 0.8795734375 0.3464501953125 2 0.87808203125 0.338369140625 2 0.8775140625000001 0.32877734375 2 0.0 0.0 0.0 0.0 0.0 0.0 0.0 0.0 0.0 0.0 0.0 0.0
0 0.47578125 0.3994140625 0.0296875 0.048828125 0.467578125 0.41689453125 2 0.46945312499999997 0.40283203125 2 0.47171874999999996 0.389453125 2 0.475390625 0.37578125 2 0.48445312500000004 0.41650390625 2 0.48125 0.4021484375 2 0.479296875 0.389453125 2 0.0 0.0 0.0 0.0 0.0 0.0 0.0 0.0 0.0 0.0 0.0 0.0
1 0.89453125 0.38720703125 0.0328125 0.0498046875 0.8846164062499999 0.403138671875 2 0.8876703125000001 0.3888408203125 2 0.8898414062500001 0.3755634765625 2 0.8944515624999999 0.3620283203125 2 0.904215625 0.403138671875 2 0.900878125 0.3888408203125 2 0.8987648437500001 0.37595703125 2 0.0 0.0 0.0 0.0 0.0 0.0 0.0 0.0 0.0 0.0 0.0 0.0
1 0.89765625 0.35595703125 0.0265625 0.0400390625 0.8909546875000001 0.369466796875 1 0.892659375 0.358720703125 2 0.8946476562499999 0.3479755859375 2 0.8974968750000001 0.3364638671875 2 0.9048023437499999 0.36991015625 2 0.9033109375 0.358455078125 2 0.9015359374999999 0.347708984375 2 0.0 0.0 0.0 0.0 0.0 0.0 0.0 0.0 0.0 0.0 0.0 0.0
0 0.627734375 0.3408203125 0.01796875 0.029296875 0.6230375 0.3505966796875 2 0.62421953125 0.3427822265625 2 0.6255703125000001 0.334966796875 2 0.6274953125 0.326197265625 2 0.6331703125 0.3505966796875 2 0.6316507812500001 0.3432041015625 2 0.63013046875 0.3353896484375 2 0.0 0.0 0.0 0.0 0.0 0.0 0.0 0.0 0.0 0.0 0.0 0.0
0 0.059375 0.37255859375 0.01875 0.0302734375 0.054042187500000005 0.38409765625 2 0.05489453125 0.37512890625 2 0.05560468750000001 0.3665146484375 2 0.058018749999999994 0.358255859375 2 0.0653328125 0.3828544921875 2 0.06313125 0.3743291015625 2 0.061533593750000004 0.366162109375 2 0.0 0.0 0.0 0.0 0.0 0.0 0.0 0.0 0.0 0.0 0.0 0.0
1 0.00859375 0.3544921875 0.0140625 0.0234375 0.0044171875 0.361119140625 2 0.00526953125 0.35534765625 2 0.00590859375 0.3493974609375 2 0.0069023437500000005 0.3435361328125 2 0.012725 0.3610302734375 2 0.0113046875 0.355791015625 2 0.00988515625 0.3496640625 2 0.0 0.0 0.0 0.0 0.0 0.0 0.0 0.0 0.0 0.0 0.0 0.0
0 0.67890625 0.328125 0.015625 0.025390625 0.6749367187499999 0.3371591796875 2 0.6759921875 0.3299013671875 2 0.67683671875 0.322931640625 2 0.67865625 0.3156396484375 2 0.68326875 0.3371591796875 2 0.68224140625 0.3299013671875 2 0.68088984375 0.323142578125 2 0.0 0.0 0.0 0.0 0.0 0.0 0.0 0.0 0.0 0.0 0.0 0.0
0 0.145703125 0.357421875 0.01640625 0.025390625 0.14154296875 0.36626953125 2 0.14239531249999998 0.3589873046875 2 0.1428921875 0.3516162109375 2 0.144525 0.3446005859375 2 0.150703125 0.365736328125 2 0.148928125 0.358365234375 2 0.14686875 0.3509052734375 2 0.0 0.0 0.0 0.0 0.0 0.0 0.0 0.0 0.0 0.0 0.0 0.0
1 0.935546875 0.2930576171875 0.01328125 0.019708984375 0.93140234375 0.2990419921875 2 0.9326804687499999 0.2938017578125 2 0.9335328125 0.28820703125 2 0.935734375 0.2837666015625 2 0.93871640625 0.29859765625 2 0.9376515624999999 0.293447265625 2 0.9374382812500001 0.2884736328125 2 0.0 0.0 0.0 0.0 0.0 0.0 0.0 0.0 0.0 0.0 0.0 0.0
0 0.709375 0.3193359375 0.0140625 0.0234375 0.7068390625000001 0.3274248046875 2 0.7073875000000001 0.321255859375 2 0.7082640625 0.3146748046875 2 0.7094742187499999 0.3075986328125 2 0.714075 0.3275625 2 0.712978125 0.321529296875 2 0.711553125 0.3148115234375 2 0.0 0.0 0.0 0.0 0.0 0.0 0.0 0.0 0.0 0.0 0.0 0.0
0 0.208984375 0.34619140625 0.01328125 0.0224609375 0.20506875 0.3547041015625 2 0.2062046875 0.3476884765625 2 0.20675156249999999 0.3409599609375 2 0.2086671875 0.335291015625 2 0.21309296875 0.353638671875 2 0.21153046875 0.34777734375 2 0.21030546874999997 0.341169921875 2 0.0 0.0 0.0 0.0 0.0 0.0 0.0 0.0 0.0 0.0 0.0 0.0
0 0.741180078125 0.31328759765625 0.01361015625 0.0211064453125 0.73833515625 0.3207158203125 2 0.73884375 0.314935546875 2 0.73946328125 0.3094169921875 2 0.74144609375 0.3033916015625 2 0.744584375 0.3205791015625 2 0.7435898437499999 0.315017578125 2 0.74315703125 0.3095302734375 2 0.0 0.0 0.0 0.0 0.0 0.0 0.0 0.0 0.0 0.0 0.0 0.0
0 0.23192460937499998 0.338556640625 0.015411718750000001 0.02086328125 0.22882656250000002 0.34505078125 2 0.22911015625000003 0.339544921875 2 0.229215625 0.334287109375 2 0.23095234375 0.3286591796875 2 0.23528828124999998 0.34505078125 2 0.23443593749999997 0.3393671875 2 0.2331578125 0.3339501953125 2 0.0 0.0 0.0 0.0 0.0 0.0 0.0 0.0 0.0 0.0 0.0 0.0
0 0.766632421875 0.29829638671875003 0.01138984375 0.0165146484375 0.7642187500000001 0.30390625 2 0.764865625 0.299876953125 2 0.76525 0.2951455078125 2 0.7667453125 0.290025390625 2 0.769453125 0.3037109375 2 0.76862890625 0.299701171875 2 0.7681218750000001 0.2951982421875 2 0.0 0.0 0.0 0.0 0.0 0.0 0.0 0.0 0.0 0.0 0.0 0.0
1 0.031960156249999996 0.34423828125 0.012357812499999999 0.0185546875 0.02898671875 0.3501962890625 2 0.0294125 0.345134765625 2 0.029981249999999997 0.3400732421875 2 0.03154296875 0.334494140625 2 0.0354484375 0.3500185546875 2 0.0343125 0.34495703125 2 0.03324765625 0.339984375 2 0.0 0.0 0.0 0.0 0.0 0.0 0.0 0.0 0.0 0.0 0.0 0.0
1 0.89588046875 0.3203125 0.0167609375 0.02734375 0.8914249999999999 0.3285576171875 2 0.8922523437500001 0.32116796875 2 0.89335390625 0.3142744140625 2 0.8956250000000001 0.3068818359375 2 0.8998132812499999 0.329025390625 2 0.89854140625 0.3210625 2 0.8978187500000001 0.314568359375 2 0.0 0.0 0.0 0.0 0.0 0.0 0.0 0.0 0.0 0.0 0.0 0.0
0 0.09375 0.3330078125 0.009375 0.015625 0.09145078125 0.3385693359375 2 0.09194843750000001 0.3339521484375 2 0.0924453125 0.3301337890625 2 0.09374375 0.32483984375 2 0.09684765625 0.3388359375 2 0.09571171875 0.334306640625 2 0.09464609375000001 0.3299560546875 2 0.0 0.0 0.0 0.0 0.0 0.0 0.0 0.0 0.0 0.0 0.0 0.0
0 0.15703125 0.3310546875 0.009375 0.015625 0.15443281250000002 0.336904296875 2 0.15521328125 0.33175390625 2 0.15540625 0.327091796875 2 0.15678203125 0.322755859375 2 0.160184375 0.335927734375 2 0.15897734375 0.3316650390625 2 0.15798359374999998 0.3272158203125 2 0.0 0.0 0.0 0.0 0.0 0.0 0.0 0.0 0.0 0.0 0.0 0.0
0 0.073046875 0.3330078125 0.00859375 0.015625 0.07088984375 0.338146484375 2 0.07152968750000001 0.3344169921875 2 0.07195546875 0.330154296875 2 0.07340078125 0.325486328125 2 0.0765 0.3385908203125 2 0.07522187500000001 0.3340615234375 2 0.07422734375 0.330154296875 2 0.0 0.0 0.0 0.0 0.0 0.0 0.0 0.0 0.0 0.0 0.0 0.0
1 0.04921875 0.3466796875 0.0125 0.01953125 0.04568203125 0.353154296875 2 0.04632109375 0.34800390625 2 0.046787499999999996 0.342560546875 2 0.04809609375 0.3377021484375 2 0.052996093749999994 0.35262109375 2 0.0515046875 0.34800390625 2 0.05029765625 0.3424970703125 2 0.0 0.0 0.0 0.0 0.0 0.0 0.0 0.0 0.0 0.0 0.0 0.0
0 0.7464453125 0.30478515625 0.011640625 0.0197265625 0.743125 0.31083984375 1 0.74390625 0.30546875 2 0.744375 0.301171875 2 0.746171875 0.29638671875 2 0.7478906249999999 0.30107421875 2 0.748828125 0.3052734375 2 0.749921875 0.31064453125 2 0.0 0.0 0.0 0.0 0.0 0.0 0.0 0.0 0.0 0.0 0.0 0.0
