0 0.390234375 0.5537109375 0.06328125 0.10546875 0.37216171875000004 0.5885625 2 0.3745953125 0.5602421875 2 0.37740234375 0.532857421875 2 0.38601171875 0.5038349609375 2 0.408096875 0.58528515625 2 0.40248203125000004 0.5576669921875 2 0.39611874999999996 0.5293466796875 2 0.0 0.0 0.0 0.0 0.0 0.0 0.0 0.0 0.0 0.0 0.0 0.0
0 0.503515625 0.41064453125 0.03515625 0.0537109375 0.4943890625 0.429125 2 0.4958359375 0.4151474609375 2 0.4976765625 0.4001826171875 2 0.5024109375 0.38521875 2 0.51187890625 0.4289599609375 2 0.50990625 0.41399609375 2 0.5076703124999999 0.4001826171875 2 0.0 0.0 0.0 0.0 0.0 0.0 0.0 0.0 0.0 0.0 0.0 0.0
0 0.45859375 0.45556640625 0.04375 0.0693359375 0.44613046875 0.4797734375 2 0.448234375 0.4606982421875 2 0.45073281249999997 0.4416220703125 2 0.45612421875000003 0.4223828125 2 0.46980000000000005 0.4786220703125 2 0.46664374999999997 0.4600400390625 2 0.4634875 0.44096484375 2 0.0 0.0 0.0 0.0 0.0 0.0 0.0 0.0 0.0 0.0 0.0 0.0
1 0.977534375 0.40380859375 0.03944375 0.0595703125 0.9653031249999999 0.4241923828125 2 0.96833515625 0.4070009765625 2 0.9718765625 0.390712890625 2 0.9774367187499999 0.3751572265625 2 0.9877429687499999 0.4236865234375 2 0.9857210937499999 0.407505859375 2 0.9830703125 0.3911396484375 2 0.0 0.0 0.0 0.0 0.0 0.0 0.0 0.0 0.0 0.0 0.0 0.0
0 0.294921875 0.8408203125 0.12890625 0.2265625 0.25988828124999996 0.9027099609375 2 0.26501953125 0.8423203125 2 0.2698484375 0.7924990234375 2 0.28558046875 0.729607421875 2 0.3317203125 0.8883671875 2 0.32115625 0.834771484375 2 0.30878203125 0.7864599609375 2 0.0 0.0 0.0 0.0 0.0 0.0 0.0 0.0 0.0 0.0 0.0 0.0
0 0.621875 0.37158203125 0.025 0.0400390625 0.6146015625000001 0.3857314453125 2 0.6160484375 0.3748779296875 2 0.6173632812500001 0.3632021484375 2 0.6203875 0.3523486328125 2 0.62827734375 0.3852373046875 2 0.6263046875 0.374548828125 2 0.62485859375 0.362873046875 2 0.0 0.0 0.0 0.0 0.0 0.0 0.0 0.0 0.0 0.0 0.0 0.0
0 0.68984375 0.34375 0.01875 0.03125 0.68483203125 0.3556435546875 2 0.686015625 0.3469287109375 2 0.68759375 0.3378837890625 2 0.68971875 0.32865625 2 0.696140625 0.35613671875 2 0.69403671875 0.3469287109375 2 0.6927218749999999 0.3380478515625 2 0.0 0.0 0.0 0.0 0.0 0.0 0.0 0.0 0.0 0.0 0.0 0.0
1 0.96171875 0.34375 0.021875 0.03515625 0.9549929687500001 0.35466796875 2 0.95661015625 0.3440498046875 2 0.958475 0.3352548828125 2 0.96287734375 0.324330078125 2 0.9685375 0.35466796875 2 0.96772890625 0.3445556640625 2 0.96611171875 0.3346953125 2 0.0 0.0 0.0 0.0 0.0 0.0 0.0 0.0 0.0 0.0 0.0 0.0
0 0.1015625 0.37109375 0.0203125 0.03125 0.09741953125 0.382392578125 2 0.09792578125 0.373693359375 2 0.0985578125 0.364994140625 2 0.10104921874999999 0.3561513671875 2 0.10855 0.3816015625 2 0.10652578125 0.37321875 2 0.10450234375 0.364361328125 2 0.0 0.0 0.0 0.0 0.0 0.0 0.0 0.0 0.0 0.0 0.0 0.0
1 0.985546875 0.36669921875 0.02734375 0.0439453125 0.9760179687500001 0.381466796875 1 0.9788476562499999 0.369078125 2 0.9820828125000001 0.356943359375 2 0.98665 0.343484375 2 0.9940101562500001 0.38273046875 2 0.9923929687499999 0.3693310546875 2 0.99097734375 0.3579541015625 2 0.0 0.0 0.0 0.0 0.0 0.0 0.0 0.0 0.0 0.0 0.0 0.0
0 0.78515625 0.32177734375 0.015625 0.0244140625 0.78032265625 0.3307001953125 2 0.781571875 0.3233740234375 2 0.782509375 0.3161455078125 2 0.7848531249999999 0.3091123046875 2 0.78969609375 0.3307978515625 2 0.78828984375 0.3231787109375 2 0.7875085937499999 0.3163408203125 2 0.0 0.0 0.0 0.0 0.0 0.0 0.0 0.0 0.0 0.0 0.0 0.0
0 0.193359375 0.35546875 0.01640625 0.025390625 0.19077578125 0.36468359375 2 0.1914078125 0.35756640625 2 0.1914078125 0.3499736328125 2 0.19330859375 0.342216796875 2 0.19962890625000002 0.36468359375 2 0.19811171875 0.3578828125 2 0.1964671875 0.34981640625 2 0.0 0.0 0.0 0.0 0.0 0.0 0.0 0.0 0.0 0.0 0.0 0.0
0 0.74921875 0.330078125 0.0171875 0.02734375 0.7440140625 0.3400263671875 2 0.7453289062499999 0.3324619140625 2 0.74638125 0.3248974609375 2 0.7490109375 0.31683984375 2 0.7540078125 0.3400263671875 2 0.75321875 0.3327900390625 2 0.75177265625 0.324732421875 2 0.0 0.0 0.0 0.0 0.0 0.0 0.0 0.0 0.0 0.0 0.0 0.0
1 0.06796875 0.35107421875 0.0140625 0.0224609375 0.0635203125 0.358515625 2 0.0649109375 0.352505859375 2 0.0651640625 0.3460205078125 2 0.06642890625 0.3393779296875 2 0.0725 0.358357421875 2 0.07148828125 0.352505859375 2 0.06984375000000001 0.3464951171875 2 0.0 0.0 0.0 0.0 0.0 0.0 0.0 0.0 0.0 0.0 0.0 0.0
0 0.82052578125 0.31298828125 0.0144890625 0.0244140625 0.8163390625 0.3228837890625 2 0.81711953125 0.3155576171875 2 0.81790078125 0.3093056640625 2 0.82079140625 0.3018818359375 2 0.8246968750000001 0.3229814453125 2 0.8234468749999999 0.3153623046875 2 0.822665625 0.3093056640625 2 0.0 0.0 0.0 0.0 0.0 0.0 0.0 0.0 0.0 0.0 0.0 0.0
0 0.2625 0.34423828125 0.0140625 0.0244140625 0.2587046875 0.3537705078125 2 0.25933671875000003 0.3464951171875 2 0.26034921875 0.3395361328125 2 0.26173984375 0.33241796875 2 0.26679921875 0.353138671875 2 0.265534375 0.3461787109375 2 0.26452265625 0.3390615234375 2 0.0 0.0 0.0 0.0 0.0 0.0 0.0 0.0 0.0 0.0 0.0 0.0
1 0.9881132812500001 0.3233447265625 0.0199765625 0.029501953125 0.9834171875 0.333498046875 2 0.9847164062499999 0.3252255859375 2 0.9862515625 0.3171015625 2 0.9897953125000001 0.3088291015625 2 0.99381171875 0.3333505859375 2 0.9933390624999999 0.3252255859375 2 0.9925124999999999 0.3171015625 2 0.0 0.0 0.0 0.0 0.0 0.0 0.0 0.0 0.0 0.0 0.0 0.0
1 0.11171875 0.3427734375 0.0125 0.01953125 0.10854921875000001 0.3491845703125 2 0.10867578124999999 0.3439658203125 2 0.10892890625 0.3390625 2 0.11069921875 0.3328935546875 2 0.11639140625 0.348552734375 2 0.11487343750000001 0.3442822265625 2 0.11360859375000001 0.338587890625 2 0.0 0.0 0.0 0.0 0.0 0.0 0.0 0.0 0.0 0.0 0.0 0.0
0 0.985608984375 0.3111884765625 0.01653046875 0.026673828125 0.9796531249999999 0.3205537109375 2 0.9816078125000001 0.313349609375 2 0.9834171875 0.3052841796875 2 0.985425 0.2984892578125 2 0.988809375 0.321197265625 1 0.9881921874999999 0.313091796875 1 0.9875515625 0.30513671875 2 0.0 0.0 0.0 0.0 0.0 0.0 0.0 0.0 0.0 0.0 0.0 0.0
0 0.9902773437500001 0.3016123046875 0.0149296875 0.023146484375 0.993953125 0.3097470703125 2 0.9931296875 0.303185546875 2 0.99220390625 0.297138671875 2 0.99018984375 0.290841796875 2 0.9862375 0.3105185546875 1 0.9870601562499999 0.303314453125 1 0.9881921874999999 0.297138671875 2 0.0 0.0 0.0 0.0 0.0 0.0 0.0 0.0 0.0 0.0 0.0 0.0
0 0.29103476562499997 0.3348828125 0.013319531249999999 0.02328125 0.28663203125000003 0.34294140625 2 0.2872484375 0.336896484375 2 0.28804609375 0.3310361328125 2 0.2895390625 0.324484375 2 0.29445859375 0.3428017578125 2 0.293340625 0.3372080078125 2 0.292234375 0.3310361328125 2 0.0 0.0 0.0 0.0 0.0 0.0 0.0 0.0 0.0 0.0 0.0 0.0
0 0.099589453125 0.34002294921875 0.01324140625 0.0198896484375 0.09525390624999999 0.347138671875 2 0.09598515625000001 0.3406240234375 2 0.09607656249999999 0.3361669921875 2 0.09744765625 0.3302236328125 2 0.10338750000000001 0.3470244140625 2 0.10146875 0.34073828125 2 0.10009765625 0.3359384765625 2 0.0 0.0 0.0 0.0 0.0 0.0 0.0 0.0 0.0 0.0 0.0 0.0
0 0.8282542968750001 0.30440234375 0.01119609375 0.0209140625 0.83069296875 0.311216796875 2 0.8304625 0.305455078125 2 0.8293109375000001 0.2995498046875 2 0.82758515625 0.2943564453125 2 0.8240125 0.31179296875 2 0.82481875 0.30588671875 2 0.82597109375 0.2995498046875 2 0.0 0.0 0.0 0.0 0.0 0.0 0.0 0.0 0.0 0.0 0.0 0.0
