0 0.009765625 0.354935546875 0.01328125 0.02432421875 0.005696093750000001 0.3632548828125 2 0.006789843750000001 0.3567119140625 2 0.00725859375 0.3513408203125 2 0.00927109375 0.3449990234375 2 0.013039843749999998 0.3625712890625 2 0.011711718749999999 0.3568095703125 2 0.01085234375 0.3510478515625 2 0.0 0.0 0.0 0.0 0.0 0.0 0.0 0.0 0.0 0.0 0.0 0.0
0 0.751171875 0.50439453125 0.06484375 0.0947265625 0.73342421875 0.534642578125 2 0.7377875 0.5092080078125 2 0.7414796875 0.4848916015625 2 0.7504296874999999 0.4590380859375 2 0.7657570312499999 0.5357607421875 2 0.76240078125 0.5094873046875 2 0.7585968750000001 0.4858701171875 2 0.0 0.0 0.0 0.0 0.0 0.0 0.0 0.0 0.0 0.0 0.0 0.0
0 0.316796875 0.6279296875 0.09609375 0.138671875 0.29536093750000003 0.67073828125 2 0.29791640625000004 0.631658203125 2 0.30063125 0.5988662109375 2 0.310534375 0.5608955078125 2 0.33972109375000004 0.66360546875 2 0.33247421875 0.6290419921875 2 0.32478828125 0.597220703125 2 0.0 0.0 0.0 0.0 0.0 0.0 0.0 0.0 0.0 0.0 0.0 0.0
0 0.11484375 0.34765625 0.0125 0.01953125 0.11179687499999999 0.353515625 2 0.11234375 0.34833984375 2 0.112890625 0.343359375 2 0.11447578124999999 0.337576171875 2 0.118125 0.35380859375 2 0.11687499999999999 0.34794921875 2 0.116171875 0.3435546875 2 0.0 0.0 0.0 0.0 0.0 0.0 0.0 0.0 0.0 0.0 0.0 0.0
0 0.22265625 0.33984375 0.0109375 0.017578125 0.219140625 0.346484375 2 0.220390625 0.340625 2 0.2209375 0.33662109375 2 0.222425 0.3301533203125 2 0.22578125 0.3451171875 2 0.2246875 0.34052734375 2 0.22398437499999999 0.33662109375 2 0.0 0.0 0.0 0.0 0.0 0.0 0.0 0.0 0.0 0.0 0.0 0.0
0 0.84375 0.2978515625 0.009375 0.017578125 0.841171875 0.30244140625 2 0.8416406249999999 0.29794921875 2 0.8419531250000001 0.29423828125 2 0.8432812500000001 0.28955078125 2 0.8456250000000001 0.3021484375 2 0.8453125 0.29814453125 2 0.844765625 0.294140625 2 0.0 0.0 0.0 0.0 0.0 0.0 0.0 0.0 0.0 0.0 0.0 0.0
1 0.0453125 0.33935546875 0.0125 0.0185546875 0.042109375 0.34443359375 2 0.04234375 0.34033203125 2 0.043125000000000004 0.3353515625 2 0.044825 0.32984765625 2 0.048515625 0.344921875 2 0.047343750000000004 0.3400390625 2 0.04625 0.3353515625 2 0.0 0.0 0.0 0.0 0.0 0.0 0.0 0.0 0.0 0.0 0.0 0.0
1 0.171484375 0.33056640625 0.01015625 0.0166015625 0.1690625 0.33564453125 2 0.16984375000000002 0.33154296875 2 0.170078125 0.32734375 2 0.17176171875 0.3222099609375 2 0.1746875 0.3359375 2 0.17375000000000002 0.3314453125 2 0.17328125 0.3271484375 2 0.0 0.0 0.0 0.0 0.0 0.0 0.0 0.0 0.0 0.0 0.0 0.0
0 0.77421875 0.3017578125 0.009375 0.015625 0.7716031250000001 0.3054140625 2 0.772259375 0.3014228515625 2 0.77283203125 0.297736328125 2 0.7739843750000001 0.29345703125 2 0.776171875 0.30546875 2 0.77572109375 0.3014404296875 2 0.7753687499999999 0.297845703125 2 0.0 0.0 0.0 0.0 0.0 0.0 0.0 0.0 0.0 0.0 0.0 0.0
1 0.637109375 0.30810546875 0.00859375 0.0146484375 0.63453125 0.31044921875 2 0.63510625 0.3071845703125 2 0.6356453125 0.303857421875 2 0.6368421875 0.29994140625 2 0.63859375 0.31015625 2 0.63841015625 0.307283203125 2 0.6380414062499999 0.303912109375 2 0.0 0.0 0.0 0.0 0.0 0.0 0.0 0.0 0.0 0.0 0.0 0.0
1 0.571875 0.31005859375 0.009375 0.0146484375 0.569375 0.31484375 2 0.5696875 0.31142578125 2 0.570078125 0.3076171875 2 0.57145546875 0.3027724609375 2 0.57359375 0.31513671875 2 0.5734375 0.3115234375 2 0.5728125000000001 0.30751953125 2 0.0 0.0 0.0 0.0 0.0 0.0 0.0 0.0 0.0 0.0 0.0 0.0
0 0.5546875 0.3173828125 0.009375 0.015625 0.5524218750000001 0.32158203125 2 0.5527796875 0.3171982421875 2 0.5533382812500001 0.313267578125 2 0.55476640625 0.309033203125 2 0.557265625 0.3212890625 2 0.5564890625000001 0.3173310546875 2 0.55610234375 0.3134306640625 2 0.0 0.0 0.0 0.0 0.0 0.0 0.0 0.0 0.0 0.0 0.0 0.0
1 0.2921875 0.3251953125 0.009375 0.015625 0.289609375 0.33037109375 2 0.290078125 0.3263671875 2 0.290625 0.3220703125 2 0.29195859375 0.317123046875 2 0.294453125 0.330078125 2 0.29375 0.32607421875 2 0.293359375 0.32216796875 2 0.0 0.0 0.0 0.0 0.0 0.0 0.0 0.0 0.0 0.0 0.0 0.0
0 0.625 0.31201171875 0.009375 0.0146484375 0.622421875 0.31689453125 2 0.62296875 0.3123046875 2 0.6234375 0.3087890625 2 0.62502578125 0.304017578125 2 0.6271875 0.3171875 2 0.62671875 0.31259765625 2 0.6264062499999999 0.30908203125 2 0.0 0.0 0.0 0.0 0.0 0.0 0.0 0.0 0.0 0.0 0.0 0.0
0 0.701953125 0.3076171875 0.01015625 0.015625 0.6987281249999999 0.3108984375 2 0.69935859375 0.3068505859375 2 0.6999578125 0.3032958984375 2 0.70127265625 0.2992900390625 2 0.7036718750000001 0.3109375 2 0.703125 0.3072265625 2 0.70282421875 0.30346875 2 0.0 0.0 0.0 0.0 0.0 0.0 0.0 0.0 0.0 0.0 0.0 0.0
0 0.3296875 0.33154296875 0.0109375 0.0166015625 0.3259375 0.337109375 2 0.326796875 0.332421875 2 0.3278125 0.32783203125 2 0.32896953125 0.3226982421875 2 0.33210937500000004 0.337109375 2 0.33140625 0.33212890625 2 0.330703125 0.32802734375 2 0.0 0.0 0.0 0.0 0.0 0.0 0.0 0.0 0.0 0.0 0.0 0.0
0 0.414453125 0.326171875 0.01015625 0.017578125 0.41218750000000004 0.330078125 2 0.412265625 0.32568359375 2 0.4125 0.3216796875 2 0.4139125 0.316408203125 2 0.41656250000000006 0.32978515625 2 0.416015625 0.32568359375 2 0.415625 0.32197265625 2 0.0 0.0 0.0 0.0 0.0 0.0 0.0 0.0 0.0 0.0 0.0 0.0
1 0.759375 0.2978515625 0.0078125 0.013671875 0.7572656249999999 0.3015625 2 0.75778984375 0.2975439453125 2 0.758309375 0.294361328125 2 0.7594125 0.2909140625 2 0.76109375 0.30126953125 2 0.76087890625 0.2975400390625 2 0.7606078125 0.2945419921875 2 0.0 0.0 0.0 0.0 0.0 0.0 0.0 0.0 0.0 0.0 0.0 0.0
1 0.6921875 0.30224609375 0.009375 0.0146484375 0.689453125 0.30634765625 2 0.6902273437499999 0.3024267578125 2 0.690625 0.299609375 2 0.69200390625 0.2954375 2 0.693984375 0.30625 2 0.69375390625 0.3025732421875 2 0.69328125 0.29951171875 2 0.0 0.0 0.0 0.0 0.0 0.0 0.0 0.0 0.0 0.0 0.0 0.0
0 0.484375 0.32275390625 0.0109375 0.0166015625 0.48166171875 0.3256728515625 2 0.48236171875 0.3213828125 2 0.4830296875 0.3175185546875 2 0.48443437500000003 0.3131171875 2 0.48687500000000006 0.3255859375 2 0.4862375 0.321466796875 2 0.48583437500000004 0.3177314453125 2 0.0 0.0 0.0 0.0 0.0 0.0 0.0 0.0 0.0 0.0 0.0 0.0
1 0.397265625 0.31982421875 0.00859375 0.0146484375 0.39460937500000004 0.3244140625 2 0.39515625 0.320703125 2 0.39546875 0.316796875 2 0.39656250000000004 0.31279296875 2 0.398671875 0.32412109375 2 0.398671875 0.32080078125 2 0.398203125 0.31708984375 2 0.0 0.0 0.0 0.0 0.0 0.0 0.0 0.0 0.0 0.0 0.0 0.0
0 0.919921875 0.2958984375 0.01015625 0.017578125 0.91698984375 0.2996953125 2 0.91760859375 0.295314453125 2 0.9182890625000001 0.29130859375 2 0.9196078125 0.2867001953125 2 0.9217187499999999 0.29921875 2 0.921171875 0.29560546875 2 0.9208093749999999 0.2913193359375 2 0.0 0.0 0.0 0.0 0.0 0.0 0.0 0.0 0.0 0.0 0.0 0.0
1 0.48125 0.31689453125 0.0109375 0.0166015625 0.47766796874999995 0.3207919921875 2 0.47859375000000004 0.3171875 2 0.47898281249999997 0.3124033203125 2 0.48032890625 0.307998046875 2 0.48343749999999996 0.32041015625 2 0.482578125 0.3171875 2 0.4820390625 0.312673828125 2 0.0 0.0 0.0 0.0 0.0 0.0 0.0 0.0 0.0 0.0 0.0 0.0
