0 0.4484375 0.5458984375 0.0703125 0.1015625 0.43177109375 0.5764970703125 2 0.43541640625 0.5514326171875 2 0.43854140625 0.5247392578125 2 0.44635390625 0.4964189453125 2 0.46536484375000003 0.5738935546875 2 0.46006875 0.548916015625 2 0.45520859375 0.5250654296875 2 0.0 0.0 0.0 0.0 0.0 0.0 0.0 0.0 0.0 0.0 0.0 0.0
0 0.623046875 0.44873046875 0.04453125 0.0673828125 0.61171875 0.4697265625 2 0.61380234375 0.4521484375 2 0.6159109375 0.4334892578125 2 0.62229140625 0.415869140625 2 0.6328125 0.4694013671875 2 0.63072890625 0.4518232421875 2 0.62788828125 0.4338466796875 2 0.0 0.0 0.0 0.0 0.0 0.0 0.0 0.0 0.0 0.0 0.0 0.0
0 0.717578125 0.3955078125 0.03203125 0.048828125 0.70850390625 0.4128779296875 2 0.71119765625 0.3977861328125 2 0.71275703125 0.3841328125 2 0.7172609375000001 0.3715146484375 2 0.72489765625 0.4111171875 2 0.72239609375 0.3974609375 2 0.7215609374999999 0.384818359375 2 0.0 0.0 0.0 0.0 0.0 0.0 0.0 0.0 0.0 0.0 0.0 0.0
0 0.234375 0.38818359375 0.0234375 0.0380859375 0.22749999999999998 0.4015625 2 0.22804687499999998 0.391015625 2 0.22914062500000001 0.3806640625 2 0.23240390625 0.3701328125 2 0.24109375000000002 0.4005859375 2 0.23914062500000002 0.390234375 2 0.23695312500000001 0.380078125 2 0.0 0.0 0.0 0.0 0.0 0.0 0.0 0.0 0.0 0.0 0.0 0.0
0 0.326953125 0.371630859375 0.02109375 0.03427734375 0.32078125 0.38427734375 2 0.32203125 0.37490234375 2 0.32296874999999997 0.36640625 2 0.325546875 0.3560546875 2 0.332578125 0.383984375 2 0.33109375 0.3744140625 2 0.329453125 0.36650390625 2 0.0 0.0 0.0 0.0 0.0 0.0 0.0 0.0 0.0 0.0 0.0 0.0
1 0.275390625 0.35361328125 0.01640625 0.0275390625 0.27156250000000004 0.362890625 2 0.27234375 0.35576171875 2 0.27273437500000003 0.3486328125 2 0.27523828125 0.3405185546875 2 0.281015625 0.36279296875 2 0.27914062500000003 0.3552734375 2 0.27765625 0.3484375 2 0.0 0.0 0.0 0.0 0.0 0.0 0.0 0.0 0.0 0.0 0.0 0.0
1 0.022265625 0.3857421875 0.02109375 0.03515625 0.01796875 0.3978515625 2 0.0183609375 0.3880302734375 2 0.018437500000000002 0.3798828125 2 0.021462500000000002 0.3691279296875 2 0.029218749999999998 0.397265625 2 0.02765625 0.38759765625 2 0.02578125 0.379296875 2 0.0 0.0 0.0 0.0 0.0 0.0 0.0 0.0 0.0 0.0 0.0 0.0
0 0.416796875 0.35791015625 0.01796875 0.0302734375 0.41124453125000004 0.3683720703125 2 0.41234374999999995 0.36044921875 2 0.41291015625 0.35204296875 2 0.41583828125 0.3432578125 2 0.42046640625 0.3683720703125 2 0.41956953124999996 0.3602080078125 2 0.418125 0.351953125 2 0.0 0.0 0.0 0.0 0.0 0.0 0.0 0.0 0.0 0.0 0.0 0.0
1 0.931328125 0.32080078125 0.017343749999999998 0.0283203125 0.92578125 0.33115234375 2 0.927421875 0.32314453125 2 0.9285937499999999 0.316015625 2 0.9308359375 0.3079111328125 2 0.93578125 0.3306640625 2 0.93421875 0.3228515625 2 0.9330468749999999 0.3162109375 2 0.0 0.0 0.0 0.0 0.0 0.0 0.0 0.0 0.0 0.0 0.0 0.0
0 0.734375 0.34521484375 0.01875 0.0302734375 0.72899609375 0.355404296875 2 0.7305328125 0.346439453125 2 0.731953125 0.3385126953125 2 0.7344609375 0.3304208984375 2 0.7387296875 0.355884765625 2 0.73762578125 0.3460869140625 2 0.73688046875 0.3388046875 2 0.0 0.0 0.0 0.0 0.0 0.0 0.0 0.0 0.0 0.0 0.0 0.0
1 0.144140625 0.36865234375 0.01796875 0.0302734375 0.140234375 0.37978515625 2 0.14070312499999998 0.37158203125 2 0.1409375 0.363671875 2 0.143359375 0.3541015625 2 0.15078125 0.3794921875 2 0.14906250000000001 0.371484375 2 0.14671875 0.36318359375 2 0.0 0.0 0.0 0.0 0.0 0.0 0.0 0.0 0.0 0.0 0.0 0.0
0 0.509375 0.348681640625 0.0171875 0.02939453125 0.50525078125 0.3582861328125 2 0.5057632812499999 0.3504423828125 2 0.50683984375 0.3426552734375 2 0.5091882812499999 0.3354326171875 2 0.51383203125 0.3579658203125 2 0.5124234375000001 0.35028125 2 0.51139140625 0.342912109375 2 0.0 0.0 0.0 0.0 0.0 0.0 0.0 0.0 0.0 0.0 0.0 0.0
1 0.6765625 0.323583984375 0.0140625 0.02412109375 0.67265625 0.33154296875 2 0.67359375 0.32578125 2 0.674296875 0.31962890625 2 0.676246875 0.3129599609375 2 0.6809375 0.33203125 2 0.679609375 0.32578125 2 0.678359375 0.32001953125 2 0.0 0.0 0.0 0.0 0.0 0.0 0.0 0.0 0.0 0.0 0.0 0.0
1 0.799609375 0.3220703125 0.01484375 0.026953125 0.7953125 0.32958984375 2 0.79609375 0.32314453125 2 0.797109375 0.316796875 2 0.7992125 0.3101513671875 2 0.8028124999999999 0.32919921875 2 0.8021874999999999 0.3232421875 2 0.80171875 0.31689453125 2 0.0 0.0 0.0 0.0 0.0 0.0 0.0 0.0 0.0 0.0 0.0 0.0
0 0.7546875 0.3685546875 0.0234375 0.041796875 0.748125 0.38427734375 2 0.75025625 0.3722138671875 2 0.7520492187500001 0.36180859375 2 0.7553124999999999 0.348828125 2 0.76265625 0.38388671875 2 0.7603125000000001 0.37216796875 2 0.758196875 0.36196875 2 0.0 0.0 0.0 0.0 0.0 0.0 0.0 0.0 0.0 0.0 0.0 0.0
1 0.3953125 0.340966796875 0.0140625 0.02568359375 0.39171875 0.34912109375 2 0.39273437499999997 0.3427734375 2 0.393515625 0.337109375 2 0.39523437499999997 0.3287109375 2 0.399453125 0.3486328125 2 0.39859374999999997 0.342578125 2 0.3978125 0.33720703125 2 0.0 0.0 0.0 0.0 0.0 0.0 0.0 0.0 0.0 0.0 0.0 0.0
1 0.5328125 0.329150390625 0.0125 0.02353515625 0.5294531250000001 0.33720703125 2 0.530078125 0.330859375 2 0.530859375 0.3251953125 2 0.5325234375 0.318275390625 2 0.536875 0.33701171875 2 0.53609375 0.33095703125 2 0.53515625 0.325390625 2 0.0 0.0 0.0 0.0 0.0 0.0 0.0 0.0 0.0 0.0 0.0 0.0
0 0.765625 0.35546875 0.021875 0.03515625 0.75844765625 0.3661005859375 1 0.759634375 0.3566064453125 2 0.7612351562499999 0.3476650390625 2 0.764775 0.337755859375 2 0.7692109375 0.365970703125 2 0.7684640625 0.35687109375 2 0.76741640625 0.3481875 2 0.0 0.0 0.0 0.0 0.0 0.0 0.0 0.0 0.0 0.0 0.0 0.0
0 0.108203125 0.412109375 0.02890625 0.044921875 0.10126328124999999 0.428990234375 2 0.10219843749999999 0.41625390625 2 0.103125 0.4033203125 2 0.106640625 0.39033203125 2 0.11758593749999999 0.42691015625 2 0.11460937499999999 0.4146484375 2 0.11164062500000001 0.40322265625 2 0.0 0.0 0.0 0.0 0.0 0.0 0.0 0.0 0.0 0.0 0.0 0.0
0 0.626405078125 0.34375 0.01843515625 0.029296875 0.6214867187500001 0.3524228515625 2 0.6228953125000001 0.3450595703125 2 0.6241671875 0.337064453125 2 0.6264921875 0.329578125 2 0.6308359375 0.351943359375 2 0.6292992187500001 0.3448994140625 2 0.6288445312500001 0.3373427734375 2 0.0 0.0 0.0 0.0 0.0 0.0 0.0 0.0 0.0 0.0 0.0 0.0
