0 0.802734375 0.55322265625 0.07890625 0.1123046875 0.7806640625 0.58496484375 2 0.78589296875 0.5555234375 2 0.7904390625 0.52862890625 2 0.8016625 0.4988017578125 2 0.8207718749999999 0.5847880859375 2 0.8155742187499999 0.55623828125 2 0.81135 0.5291787109375 2 0.0 0.0 0.0 0.0 0.0 0.0 0.0 0.0 0.0 0.0 0.0 0.0
0 0.01484375 0.3969990234375 0.025 0.040091796875 0.008671874999999999 0.4107060546875 2 0.0093609375 0.3990830078125 2 0.01043203125 0.3891123046875 2 0.013073437500000002 0.378521484375 2 0.02231640625 0.40946875 2 0.0204453125 0.398740234375 2 0.018025 0.3897998046875 2 0.0 0.0 0.0 0.0 0.0 0.0 0.0 0.0 0.0 0.0 0.0 0.0
0 0.15463007812500001 0.39112646484375 0.02644765625 0.0381123046875 0.1478203125 0.4047666015625 2 0.1479984375 0.3937333984375 2 0.14888984375 0.3837041015625 2 0.15261875 0.37233203125 2 0.16190625 0.4044326171875 2 0.15949921875 0.3931767578125 2 0.1567359375 0.3837041015625 2 0.0 0.0 0.0 0.0 0.0 0.0 0.0 0.0 0.0 0.0 0.0 0.0
0 0.3265625 0.38046875 0.021875 0.036328125 0.3195421875 0.3937880859375 2 0.32140625 0.3833984375 2 0.32218749999999996 0.37412109375 2 0.32612265625000003 0.3633603515625 2 0.332578125 0.39248046875 2 0.3309375 0.383203125 2 0.32921875 0.373828125 2 0.0 0.0 0.0 0.0 0.0 0.0 0.0 0.0 0.0 0.0 0.0 0.0
1 0.083203125 0.37099560546875 0.01953125 0.0310537109375 0.07878515625 0.3816845703125 2 0.07900546875 0.37370703125 2 0.079115625 0.3660048828125 2 0.08175546875 0.3561767578125 2 0.0893484375 0.3819599609375 2 0.08747812499999999 0.37370703125 2 0.08594609375 0.3656494140625 2 0.0 0.0 0.0 0.0 0.0 0.0 0.0 0.0 0.0 0.0 0.0 0.0
0 0.529296875 0.3674853515625 0.02109375 0.035751953125 0.52332734375 0.3793466796875 2 0.5251984375000001 0.3695810546875 2 0.52646484375 0.3602314453125 2 0.529465625 0.3511591796875 2 0.53444140625 0.379208984375 2 0.53345078125 0.3693056640625 2 0.532178125 0.360513671875 2 0.0 0.0 0.0 0.0 0.0 0.0 0.0 0.0 0.0 0.0 0.0 0.0
1 0.2765625 0.35986328125 0.0171875 0.0283203125 0.272578125 0.3703125 2 0.2734375 0.3623046875 2 0.2740625 0.3546875 2 0.27657734375 0.3460693359375 2 0.28158046875 0.3695810546875 2 0.280703125 0.3619140625 2 0.2790625 0.35458984375 2 0.0 0.0 0.0 0.0 0.0 0.0 0.0 0.0 0.0 0.0 0.0 0.0
0 0.9263683593750001 0.33796240234375 0.01992421875 0.0313935546875 0.92115546875 0.3475791015625 2 0.9222859375000001 0.339484375 2 0.9239312500000001 0.3317744140625 2 0.9266 0.3235400390625 2 0.93133203125 0.3480927734375 2 0.93040703125 0.3392265625 2 0.92937890625 0.33203125 2 0.0 0.0 0.0 0.0 0.0 0.0 0.0 0.0 0.0 0.0 0.0 0.0
1 0.469921875 0.3515625 0.01640625 0.02734375 0.46560703124999997 0.360021484375 2 0.4664453125 0.3524755859375 2 0.46740234375 0.344865234375 2 0.469628125 0.3376669921875 2 0.47474609375 0.3602314453125 2 0.47323671875000006 0.3523701171875 2 0.47185 0.345080078125 2 0.0 0.0 0.0 0.0 0.0 0.0 0.0 0.0 0.0 0.0 0.0 0.0
0 0.752734375 0.35107421875 0.01953125 0.0302734375 0.74617890625 0.3614345703125 2 0.74745234375 0.35219921875 2 0.74889609375 0.3447685546875 2 0.75243046875 0.33612109375 2 0.75636875 0.361646484375 2 0.75602890625 0.35219921875 2 0.754840625 0.344556640625 2 0.0 0.0 0.0 0.0 0.0 0.0 0.0 0.0 0.0 0.0 0.0 0.0
1 0.626171875 0.337890625 0.01484375 0.025390625 0.62287734375 0.3462548828125 2 0.62347109375 0.3391435546875 2 0.6243203125 0.3325615234375 2 0.62616953125 0.325330078125 2 0.6306046875 0.3471044921875 2 0.62919375 0.3390595703125 2 0.62848203125 0.33266796875 2 0.0 0.0 0.0 0.0 0.0 0.0 0.0 0.0 0.0 0.0 0.0 0.0
1 0.851171875 0.31898828125 0.01328125 0.0227421875 0.8465624999999999 0.3279296875 2 0.8477343749999999 0.3208984375 2 0.848671875 0.3150390625 2 0.850503125 0.3083330078125 2 0.8540625000000001 0.32783203125 2 0.8533593749999999 0.32099609375 2 0.852578125 0.31494140625 2 0.0 0.0 0.0 0.0 0.0 0.0 0.0 0.0 0.0 0.0 0.0 0.0
1 0.932421875 0.31058251953125 0.01171875 0.0196025390625 0.9291406249999999 0.3173828125 2 0.9302343750000001 0.31142578125 2 0.93140625 0.30654296875 2 0.932890625 0.30185546875 2 0.936171875 0.31787109375 2 0.9354687500000001 0.31123046875 2 0.934609375 0.30673828125 2 0.0 0.0 0.0 0.0 0.0 0.0 0.0 0.0 0.0 0.0 0.0 0.0
1 0.751171875 0.32830126953125 0.01328125 0.0237900390625 0.74643359375 0.337763671875 2 0.74770703125 0.330439453125 2 0.74821640625 0.3248134765625 2 0.75086328125 0.3174482421875 2 0.7545859375 0.3382939453125 1 0.7536515625 0.3303330078125 2 0.7527171874999999 0.3248134765625 2 0.0 0.0 0.0 0.0 0.0 0.0 0.0 0.0 0.0 0.0 0.0 0.0
0 0.534375 0.71337890625 0.0984375 0.1728515625 0.506975 0.7641669921875 2 0.5114890625 0.718060546875 2 0.51908984375 0.6765498046875 2 0.52952109375 0.632671875 2 0.5625 0.757697265625 2 0.5542281250000001 0.716912109375 2 0.5466859375 0.677974609375 2 0.0 0.0 0.0 0.0 0.0 0.0 0.0 0.0 0.0 0.0 0.0 0.0
