0 0.278125 0.33203125 0.0125 0.021484375 0.2747734375 0.3397333984375 2 0.275103125 0.3334072265625 2 0.27554296875 0.3279052734375 2 0.2780625 0.32108203125 2 0.2817296875 0.339630859375 2 0.280825 0.3334072265625 2 0.27994453125 0.327767578125 2 0.0 0.0 0.0 0.0 0.0 0.0 0.0 0.0 0.0 0.0 0.0 0.0
0 0.310546875 0.33837890625 0.01484375 0.0244140625 0.30691015625 0.3471611328125 2 0.30768046875 0.3404208984375 2 0.30812109374999996 0.33395703125 2 0.31079453125 0.3259873046875 2 0.31537187499999997 0.3471650390625 2 0.3140625 0.34055859375 2 0.3132921875 0.3342314453125 2 0.0 0.0 0.0 0.0 0.0 0.0 0.0 0.0 0.0 0.0 0.0 0.0
0 0.383203125 0.3486328125 0.01796875 0.029296875 0.379046875 0.3594365234375 2 0.3797515625 0.3512197265625 2 0.3800875 0.34338671875 2 0.38292265625 0.3340517578125 2 0.387621875 0.35899609375 2 0.38656484375 0.351072265625 2 0.38517421875 0.34338671875 2 0.0 0.0 0.0 0.0 0.0 0.0 0.0 0.0 0.0 0.0 0.0 0.0
1 0.459375 0.32373046875 0.0125 0.0205078125 0.45632812500000003 0.3297373046875 2 0.45703125 0.3240732421875 2 0.45765625 0.3190927734375 2 0.459140625 0.3132333984375 2 0.46255703125 0.32990625 2 0.46171875 0.3243662109375 2 0.46101171875 0.319345703125 2 0.0 0.0 0.0 0.0 0.0 0.0 0.0 0.0 0.0 0.0 0.0 0.0
1 0.5375 0.32666015625 0.0140625 0.0224609375 0.53484453125 0.33359375 2 0.53515703125 0.3275390625 2 0.53562578125 0.3220703125 2 0.5375375 0.31480078125 2 0.54148515625 0.3333984375 2 0.54054765625 0.32724609375 2 0.53992265625 0.32197265625 2 0.0 0.0 0.0 0.0 0.0 0.0 0.0 0.0 0.0 0.0 0.0 0.0
1 0.977734375 0.38671875 0.03359375 0.05078125 0.96755390625 0.4029892578125 2 0.9711117187499999 0.388353515625 2 0.97365546875 0.37608984375 2 0.9781976562500001 0.3617822265625 2 0.9873046875 0.40283203125 2 0.984375 0.388126953125 2 0.9829210937499999 0.3763173828125 2 0.0 0.0 0.0 0.0 0.0 0.0 0.0 0.0 0.0 0.0 0.0 0.0
0 0.433984375 0.572265625 0.07578125 0.11328125 0.41480937500000004 0.60378515625 2 0.41800234375 0.574826171875 2 0.42246484375 0.5479189453125 2 0.43223671875 0.5162705078125 2 0.4503078125 0.604521484375 2 0.44696015625 0.5748642578125 2 0.44241640625 0.5488369140625 2 0.0 0.0 0.0 0.0 0.0 0.0 0.0 0.0 0.0 0.0 0.0 0.0
0 0.576953125 0.45556640625 0.04609375 0.0732421875 0.565625 0.478271484375 2 0.5689453125 0.459228515625 2 0.5720703125 0.4423828125 2 0.57890625 0.42138671875 2 0.589453125 0.477783203125 2 0.5875 0.4599609375 2 0.5857421875 0.441650390625 2 0.0 0.0 0.0 0.0 0.0 0.0 0.0 0.0 0.0 0.0 0.0 0.0
0 0.5 0.39453125 0.0296875 0.048828125 0.4921875 0.4115185546875 2 0.49400468750000004 0.399708984375 2 0.49582109374999994 0.3860830078125 2 0.50019453125 0.371837890625 2 0.5079945312499999 0.4115185546875 2 0.506540625 0.39880078125 2 0.5047242187500001 0.3863095703125 2 0.0 0.0 0.0 0.0 0.0 0.0 0.0 0.0 0.0 0.0 0.0 0.0
0 0.463671875 0.36279296875 0.02109375 0.0341796875 0.45803046875 0.37608984375 2 0.45930234375 0.3665517578125 2 0.46075546875000006 0.3567861328125 2 0.4635671875 0.346115234375 2 0.46965859375 0.37608984375 2 0.46856796875000006 0.3676875 2 0.46711484375 0.35655859375 2 0.0 0.0 0.0 0.0 0.0 0.0 0.0 0.0 0.0 0.0 0.0 0.0
1 0.728515625 0.3427734375 0.01953125 0.03125 0.72172578125 0.3534228515625 2 0.7243304687500001 0.344935546875 2 0.725740625 0.3363291015625 2 0.72836796875 0.3281513671875 2 0.7326078125000001 0.3531904296875 2 0.73149140625 0.3445869140625 2 0.7308859375 0.3365078125 2 0.0 0.0 0.0 0.0 0.0 0.0 0.0 0.0 0.0 0.0 0.0 0.0
1 0.60859375 0.333984375 0.015625 0.025390625 0.603515625 0.34267578125 2 0.604853125 0.333740234375 2 0.6058851562500001 0.327533203125 2 0.60801953125 0.32076171875 2 0.6118750000000001 0.34189453125 2 0.61090546875 0.3338798828125 2 0.610178125 0.32776171875 2 0.0 0.0 0.0 0.0 0.0 0.0 0.0 0.0 0.0 0.0 0.0 0.0
0 0.244140625 0.32861328125 0.01171875 0.0205078125 0.24120078125000002 0.334498046875 2 0.24185859375000002 0.3287421875 2 0.24226406250000002 0.32391015625 2 0.24383203125000003 0.3189765625 2 0.2472859375 0.3343955078125 2 0.24621718750000002 0.3285361328125 2 0.2457234375 0.3243212890625 2 0.0 0.0 0.0 0.0 0.0 0.0 0.0 0.0 0.0 0.0 0.0 0.0
1 0.39453125 0.31884765625 0.0109375 0.0185546875 0.391015625 0.3251953125 2 0.391640625 0.31923828125 2 0.391953125 0.3154296875 2 0.3940546875 0.3096484375 2 0.396875 0.3248046875 2 0.396171875 0.31953125 2 0.39578125000000003 0.315234375 2 0.0 0.0 0.0 0.0 0.0 0.0 0.0 0.0 0.0 0.0 0.0 0.0
1 0.354296875 0.3173828125 0.01015625 0.017578125 0.351171875 0.32255859375 2 0.351796875 0.31796875 2 0.35226562499999997 0.31376953125 2 0.35373046874999997 0.3087275390625 2 0.35640625 0.32216796875 2 0.35554687500000004 0.31796875 2 0.355234375 0.313671875 2 0.0 0.0 0.0 0.0 0.0 0.0 0.0 0.0 0.0 0.0 0.0 0.0
1 0.31328125 0.3154296875 0.009375 0.013671875 0.31062500000000004 0.3203125 2 0.31078125 0.31669921875 2 0.311328125 0.312890625 2 0.31265624999999997 0.3083984375 2 0.315234375 0.319921875 2 0.31484375 0.31650390625 2 0.31453125000000004 0.31318359375 2 0.0 0.0 0.0 0.0 0.0 0.0 0.0 0.0 0.0 0.0 0.0 0.0
1 0.85 0.35791015625 0.025 0.0380859375 0.8425 0.37197265625 2 0.8451562499999999 0.3591796875 2 0.8467968750000001 0.350390625 2 0.8509375 0.33935546875 2 0.8563281249999999 0.3716796875 2 0.854296875 0.35986328125 2 0.85390625 0.35048828125 2 0.0 0.0 0.0 0.0 0.0 0.0 0.0 0.0 0.0 0.0 0.0 0.0
