0 0.337109375 0.51795458984375 0.05546875 0.0925498046875 0.32100390624999997 0.54964453125 2 0.323834375 0.52425390625 2 0.32566562499999996 0.50115234375 2 0.33409921875 0.4758515625 2 0.352471875 0.544857421875 2 0.34814296875 0.52196484375 2 0.34281484375 0.499279296875 2 0.0 0.0 0.0 0.0 0.0 0.0 0.0 0.0 0.0 0.0 0.0 0.0
1 0.89296875 0.41845703125 0.040625 0.0615234375 0.88209296875 0.440095703125 2 0.88579375 0.4213349609375 2 0.88836328125 0.4055302734375 2 0.8941203124999999 0.3889541015625 2 0.9027546875000001 0.4386826171875 2 0.9005960937499999 0.421720703125 2 0.8992601562500001 0.405916015625 2 0.0 0.0 0.0 0.0 0.0 0.0 0.0 0.0 0.0 0.0 0.0 0.0
0 0.4234375 0.4336171875 0.0359375 0.058640625 0.41503750000000006 0.4532890625 2 0.41726015624999996 0.4372041015625 2 0.41831250000000003 0.42155859375 2 0.42369375 0.405474609375 2 0.4341046875 0.4525576171875 2 0.43235 0.4366201171875 2 0.42930859374999997 0.420828125 2 0.0 0.0 0.0 0.0 0.0 0.0 0.0 0.0 0.0 0.0 0.0 0.0
0 0.51875 0.3980458984375 0.0296875 0.048044921875 0.510878125 0.4132880859375 2 0.5122046874999999 0.4002060546875 2 0.5139078125000001 0.3880146484375 2 0.5178609375 0.375060546875 2 0.5264 0.4126396484375 2 0.5246453125 0.39991796875 2 0.5228906249999999 0.387634765625 2 0.0 0.0 0.0 0.0 0.0 0.0 0.0 0.0 0.0 0.0 0.0 0.0
0 0.16171875 0.884765625 0.1453125 0.23046875 0.12383437500000001 0.9644208984375 2 0.12706953125 0.9015478515625 2 0.13177578125 0.8456611328125 2 0.15011796875 0.7829189453125 2 0.2047234375 0.942728515625 2 0.19060468749999998 0.88610546875 2 0.1776625 0.83316015625 2 0.0 0.0 0.0 0.0 0.0 0.0 0.0 0.0 0.0 0.0 0.0 0.0
1 0.941015625 0.3740234375 0.02890625 0.044921875 0.9317437500000001 0.389494140625 2 0.93486875 0.375822265625 2 0.93626640625 0.365234375 2 0.9409656249999999 0.3519267578125 2 0.94810859375 0.38898046875 2 0.9462992187499999 0.376953125 2 0.94498359375 0.3650283203125 2 0.0 0.0 0.0 0.0 0.0 0.0 0.0 0.0 0.0 0.0 0.0 0.0
1 0.8334765624999999 0.3263671875 0.018515625 0.0296875 0.82875 0.3369140625 2 0.8296093750000001 0.32861328125 2 0.8305468749999999 0.3216796875 2 0.83349375 0.3137626953125 2 0.8380468750000001 0.336328125 2 0.8367749999999999 0.3281484375 2 0.8360156249999999 0.3216796875 2 0.0 0.0 0.0 0.0 0.0 0.0 0.0 0.0 0.0 0.0 0.0 0.0
0 0.595703125 0.37377783203125 0.02265625 0.0405244140625 0.5888859375 0.3854658203125 2 0.590153125 0.3752060546875 2 0.5920156249999999 0.3645390625 2 0.5954921875 0.3544443359375 2 0.60161640625 0.3851494140625 2 0.6002132812500001 0.375060546875 2 0.59864609375 0.3648505859375 2 0.0 0.0 0.0 0.0 0.0 0.0 0.0 0.0 0.0 0.0 0.0 0.0
1 0.928515625 0.34619140625 0.02421875 0.0361328125 0.9227796875 0.35906640625 2 0.92401328125 0.348787109375 2 0.924753125 0.3400498046875 2 0.92845390625 0.3298720703125 2 0.93445703125 0.3584501953125 2 0.9333882812500001 0.3498154296875 2 0.9319078125000001 0.3400498046875 2 0.0 0.0 0.0 0.0 0.0 0.0 0.0 0.0 0.0 0.0 0.0 0.0
1 0.76953125 0.31494140625 0.0140625 0.0224609375 0.765390625 0.32119140625 2 0.76626015625 0.314322265625 2 0.76734375 0.308984375 2 0.76890625 0.30244140625 2 0.773203125 0.32119140625 2 0.7721875 0.31494140625 2 0.77140625 0.30927734375 2 0.0 0.0 0.0 0.0 0.0 0.0 0.0 0.0 0.0 0.0 0.0 0.0
1 0.70703125 0.306640625 0.0125 0.01953125 0.702734375 0.3142578125 2 0.70390625 0.30830078125 2 0.7040625 0.30341796875 2 0.7059375 0.2978515625 2 0.7095312500000001 0.314453125 2 0.708984375 0.30859375 2 0.707890625 0.3029296875 2 0.0 0.0 0.0 0.0 0.0 0.0 0.0 0.0 0.0 0.0 0.0 0.0
0 0.558203125 0.333984375 0.01484375 0.025390625 0.55390625 0.3421875 2 0.554453125 0.3359375 2 0.5549999999999999 0.329296875 2 0.5573140624999999 0.321802734375 2 0.561015625 0.34228515625 2 0.5603125 0.33583984375 2 0.559375 0.3291015625 2 0.0 0.0 0.0 0.0 0.0 0.0 0.0 0.0 0.0 0.0 0.0 0.0
0 0.604609375 0.356591796875 0.01859375 0.03544921875 0.5966984375 0.3686982421875 1 0.5988078125 0.360158203125 2 0.5999218749999999 0.3509765625 2 0.603046875 0.34130859375 2 0.6084375 0.369140625 2 0.607815625 0.3603662109375 2 0.60625 0.35068359375 2 0.0 0.0 0.0 0.0 0.0 0.0 0.0 0.0 0.0 0.0 0.0 0.0
0 0.523046875 0.326171875 0.01328125 0.021484375 0.5198437499999999 0.33349609375 2 0.520234375 0.32734375 2 0.521015625 0.3216796875 2 0.52282890625 0.3155673828125 2 0.52609375 0.3330078125 2 0.5253125 0.3271484375 2 0.5246875 0.32197265625 2 0.0 0.0 0.0 0.0 0.0 0.0 0.0 0.0 0.0 0.0 0.0 0.0
1 0.626953125 0.30615234375 0.01015625 0.0166015625 0.6233593749999999 0.3123046875 2 0.624140625 0.30732421875 2 0.624375 0.30380859375 2 0.626015625 0.29814453125 2 0.62890625 0.31201171875 2 0.62828125 0.3072265625 2 0.627734375 0.303515625 2 0.0 0.0 0.0 0.0 0.0 0.0 0.0 0.0 0.0 0.0 0.0 0.0
0 0.590625 0.3466796875 0.0203125 0.03125 0.58608515625 0.3546943359375 2 0.587421875 0.346484375 2 0.587890625 0.33935546875 2 0.5903125 0.33095703125 2 0.5950765625 0.3545107421875 1 0.594140625 0.3466796875 2 0.5932031249999999 0.33916015625 2 0.0 0.0 0.0 0.0 0.0 0.0 0.0 0.0 0.0 0.0 0.0 0.0
0 0.460546875 0.31884765625 0.01015625 0.0166015625 0.457421875 0.32470703125 2 0.45796875000000004 0.3201171875 2 0.458359375 0.3154296875 2 0.45992187500000004 0.3103515625 2 0.463046875 0.325 2 0.4625 0.31982421875 2 0.46171875 0.315234375 2 0.0 0.0 0.0 0.0 0.0 0.0 0.0 0.0 0.0 0.0 0.0 0.0
1 0.559765625 0.30615234375 0.00859375 0.0146484375 0.5580468749999999 0.31064453125 2 0.5582812500000001 0.30712890625 2 0.5587500000000001 0.3033203125 2 0.559765625 0.3 2 0.562109375 0.3099609375 2 0.56171875 0.30693359375 2 0.5615625 0.30322265625 2 0.0 0.0 0.0 0.0 0.0 0.0 0.0 0.0 0.0 0.0 0.0 0.0
0 0.49453125 0.322265625 0.0109375 0.01953125 0.49164062499999994 0.32822265625 2 0.49273437500000006 0.32314453125 2 0.49296875 0.31787109375 2 0.49464140624999997 0.312791015625 2 0.49796874999999996 0.32802734375 2 0.49664062500000006 0.32314453125 2 0.49625 0.3177734375 2 0.0 0.0 0.0 0.0 0.0 0.0 0.0 0.0 0.0 0.0 0.0 0.0
