0 0.8421875 0.314453125 0.015625 0.025390625 0.837578125 0.322265625 2 0.8389843750000001 0.31474609375 2 0.83984375 0.30908203125 2 0.84227578125 0.30144921875 2 0.8459375 0.32236328125 2 0.8448437500000001 0.31484375 2 0.8442968750000001 0.30888671875 2 0.0 0.0 0.0 0.0 0.0 0.0 0.0 0.0 0.0 0.0 0.0 0.0
0 0.989453125 0.335359375 0.02109375 0.035953125 0.9839226562500001 0.34811328125 2 0.9862195312500001 0.3387099609375 2 0.98800546875 0.329306640625 2 0.9914687499999999 0.318806640625 2 0.997446875 0.34811328125 2 0.99578828125 0.3383916015625 2 0.9946398437499999 0.3291474609375 2 0.0 0.0 0.0 0.0 0.0 0.0 0.0 0.0 0.0 0.0 0.0 0.0
0 0.97890625 0.32240478515625 0.021875 0.0334814453125 0.97334609375 0.33341796875 2 0.9746015625 0.32501953125 2 0.975990625 0.3171396484375 2 0.9793476562500001 0.3081279296875 2 0.98352109375 0.33319140625 2 0.98283671875 0.325 2 0.9820117187499999 0.3177373046875 2 0.0 0.0 0.0 0.0 0.0 0.0 0.0 0.0 0.0 0.0 0.0 0.0
0 0.818359375 0.40673828125 0.04140625 0.0595703125 0.80813984375 0.4253720703125 2 0.8101382812500001 0.4106103515625 2 0.8122414062500001 0.3959765625 2 0.81809609375 0.3787548828125 2 0.82776171875 0.42628125 2 0.826028125 0.410603515625 2 0.8245171875 0.3957412109375 2 0.0 0.0 0.0 0.0 0.0 0.0 0.0 0.0 0.0 0.0 0.0 0.0
0 0.620703125 0.49365234375 0.06328125 0.0888671875 0.60552890625 0.5232548828125 2 0.6079921875000001 0.4958759765625 2 0.6116734375 0.474939453125 2 0.6203421875 0.4523203125 2 0.63631328125 0.522310546875 2 0.63146796875 0.496779296875 2 0.62832421875 0.4758173828125 2 0.0 0.0 0.0 0.0 0.0 0.0 0.0 0.0 0.0 0.0 0.0 0.0
0 0.093359375 0.75048828125 0.13203125 0.1865234375 0.0716171875 0.80084765625 2 0.07434765625 0.7565107421875 2 0.0775328125 0.7138779296875 2 0.09187890625 0.6618193359375 2 0.1346421875 0.7894794921875 2 0.1225328125 0.7468134765625 2 0.111434375 0.707056640625 2 0.0 0.0 0.0 0.0 0.0 0.0 0.0 0.0 0.0 0.0 0.0 0.0
0 0.945703125 0.36865234375 0.03203125 0.0458984375 0.9358648437499999 0.383130859375 2 0.93840859375 0.3692763671875 2 0.9403382812500001 0.3575810546875 2 0.94494921875 0.345203125 2 0.95221640625 0.3819951171875 2 0.9507914062499999 0.368900390625 2 0.949309375 0.3579619140625 2 0.0 0.0 0.0 0.0 0.0 0.0 0.0 0.0 0.0 0.0 0.0 0.0
0 0.0140625 0.38134765625 0.021875 0.0322265625 0.009296875 0.3923828125 2 0.010312499999999999 0.383203125 2 0.010546875 0.374609375 2 0.012421875 0.3650390625 2 0.021015625 0.39189453125 2 0.017734375 0.38291015625 2 0.016521875 0.37437109375 2 0.0 0.0 0.0 0.0 0.0 0.0 0.0 0.0 0.0 0.0 0.0 0.0
0 0.133984375 0.365234375 0.01953125 0.029296875 0.129296875 0.37470703125 2 0.13078125000000002 0.36611328125 2 0.13078125000000002 0.358203125 2 0.13273437500000002 0.3501953125 2 0.13921875 0.3740234375 2 0.137265625 0.3662109375 2 0.13539062500000001 0.35830078125 2 0.0 0.0 0.0 0.0 0.0 0.0 0.0 0.0 0.0 0.0 0.0 0.0
1 0.794140625 0.3046875 0.01328125 0.021484375 0.790234375 0.3115234375 2 0.7915625000000001 0.30498046875 2 0.792109375 0.30009765625 2 0.794090625 0.29385546875 2 0.797265625 0.31123046875 2 0.7963281249999999 0.3046875 2 0.795703125 0.3 2 0.0 0.0 0.0 0.0 0.0 0.0 0.0 0.0 0.0 0.0 0.0 0.0
0 0.9203125 0.3173828125 0.0171875 0.02734375 0.91515234375 0.325671875 2 0.9166062500000001 0.3179501953125 2 0.9175328125 0.31038671875 2 0.9198890625 0.3030126953125 2 0.9238734375 0.3258994140625 2 0.9231468749999999 0.3179501953125 2 0.9223601562500001 0.3106337890625 2 0.0 0.0 0.0 0.0 0.0 0.0 0.0 0.0 0.0 0.0 0.0 0.0
0 0.648828125 0.3212890625 0.01484375 0.0234375 0.644609375 0.3296875 2 0.645625 0.32333984375 2 0.64625 0.31708984375 2 0.64837109375 0.309724609375 2 0.652265625 0.32978515625 2 0.65140625 0.32333984375 2 0.6505468750000001 0.31689453125 2 0.0 0.0 0.0 0.0 0.0 0.0 0.0 0.0 0.0 0.0 0.0 0.0
1 0.690625 0.31005859375 0.0125 0.0205078125 0.68671875 0.31591796875 2 0.687890625 0.310546875 2 0.6884375 0.30546875 2 0.689921875 0.299609375 2 0.693359375 0.316015625 2 0.692265625 0.31044921875 2 0.691875 0.30537109375 2 0.0 0.0 0.0 0.0 0.0 0.0 0.0 0.0 0.0 0.0 0.0 0.0
0 0.747265625 0.31689453125 0.01484375 0.0244140625 0.74328125 0.3248046875 2 0.7440625 0.31806640625 2 0.744428125 0.311134765625 2 0.7464578125 0.3046005859375 2 0.7501562500000001 0.3248046875 2 0.749140625 0.31806640625 2 0.74851015625 0.311310546875 2 0.0 0.0 0.0 0.0 0.0 0.0 0.0 0.0 0.0 0.0 0.0 0.0
0 0.235546875 0.35302734375 0.01640625 0.0263671875 0.23078125 0.36103515625 2 0.231640625 0.3533203125 2 0.23267109375 0.3461728515625 2 0.234959375 0.3391123046875 2 0.239453125 0.36083984375 2 0.238046875 0.353125 2 0.23709296875 0.346443359375 2 0.0 0.0 0.0 0.0 0.0 0.0 0.0 0.0 0.0 0.0 0.0 0.0
1 0.353515625 0.33056640625 0.01328125 0.0205078125 0.350390625 0.337109375 2 0.35085937500000003 0.33125 2 0.35109375 0.325390625 2 0.35323984375 0.319615234375 2 0.356640625 0.33662109375 2 0.355703125 0.3310546875 2 0.35484375 0.3255859375 2 0.0 0.0 0.0 0.0 0.0 0.0 0.0 0.0 0.0 0.0 0.0 0.0
0 0.548828125 0.3271484375 0.01484375 0.0234375 0.544453125 0.33515625 2 0.5452343749999999 0.32919921875 2 0.5459375 0.321875 2 0.5480945312500001 0.3149287109375 2 0.551796875 0.33544921875 2 0.550859375 0.329296875 2 0.550078125 0.3220703125 2 0.0 0.0 0.0 0.0 0.0 0.0 0.0 0.0 0.0 0.0 0.0 0.0
0 0.4421875 0.3349609375 0.0140625 0.0234375 0.43890624999999994 0.34267578125 2 0.43968749999999995 0.33583984375 2 0.44053828125 0.3293232421875 2 0.44245625000000005 0.323 2 0.446171875 0.34248046875 2 0.44515625 0.3361328125 2 0.44430546875 0.3294658203125 2 0.0 0.0 0.0 0.0 0.0 0.0 0.0 0.0 0.0 0.0 0.0 0.0
1 0.109375 0.34912109375 0.0140625 0.0224609375 0.105546875 0.356640625 2 0.10671875 0.34931640625 2 0.10679687499999999 0.34345703125 2 0.10890625000000001 0.33740234375 2 0.11382812499999999 0.35654296875 2 0.11203125 0.34931640625 2 0.110625 0.343359375 2 0.0 0.0 0.0 0.0 0.0 0.0 0.0 0.0 0.0 0.0 0.0 0.0
0 0.334375 0.3427734375 0.0140625 0.025390625 0.330703125 0.35126953125 2 0.3315625 0.3443359375 2 0.3323953125 0.337458984375 2 0.33421875 0.33095703125 2 0.33828125 0.35146484375 2 0.336953125 0.344140625 2 0.3363828125 0.3376591796875 2 0.0 0.0 0.0 0.0 0.0 0.0 0.0 0.0 0.0 0.0 0.0 0.0
1 0.464453125 0.32275390625 0.01171875 0.0205078125 0.4609375 0.32900390625 2 0.46203125 0.3232421875 2 0.462421875 0.31806640625 2 0.46432265624999997 0.312111328125 2 0.46820312499999994 0.329296875 2 0.466640625 0.3232421875 2 0.466015625 0.31806640625 2 0.0 0.0 0.0 0.0 0.0 0.0 0.0 0.0 0.0 0.0 0.0 0.0
1 0.562109375 0.3154296875 0.01171875 0.01953125 0.5582812500000001 0.3224609375 2 0.558828125 0.31669921875 2 0.55984375 0.312109375 2 0.56090390625 0.30528125 2 0.564453125 0.3224609375 2 0.56375 0.31669921875 2 0.562890625 0.31162109375 2 0.0 0.0 0.0 0.0 0.0 0.0 0.0 0.0 0.0 0.0 0.0 0.0
