0 0.358203125 0.483583984375 0.04765625 0.08044921875 0.344778125 0.5111318359375 2 0.34793046875 0.48748828125 2 0.3500875 0.46778515625 2 0.3555625 0.44424609375 2 0.37265234375 0.508228515625 2 0.36784062500000003 0.486244140625 2 0.3636921875 0.4664375 2 0.0 0.0 0.0 0.0 0.0 0.0 0.0 0.0 0.0 0.0 0.0 0.0
1 0.95859375 0.38969873046875 0.040625 0.0586943359375 0.9469234375 0.409705078125 2 0.9499906250000001 0.39341015625 2 0.953125 0.377751953125 2 0.95849609375 0.36267578125 2 0.96828515625 0.40819921875 2 0.965984375 0.393 2 0.96409140625 0.3780732421875 2 0.0 0.0 0.0 0.0 0.0 0.0 0.0 0.0 0.0 0.0 0.0 0.0
1 0.826953125 0.35635888671875 0.02734375 0.0427958984375 0.8194109375 0.3716376953125 2 0.82215 0.3590400390625 2 0.82379296875 0.3480849609375 2 0.8270242187499999 0.3364833984375 2 0.8333234375 0.370953125 2 0.832228125 0.3589033203125 2 0.83091328125 0.3478115234375 2 0.0 0.0 0.0 0.0 0.0 0.0 0.0 0.0 0.0 0.0 0.0 0.0
0 0.431640625 0.398779296875 0.03046875 0.05146484375 0.423515625 0.41640625 2 0.42515625 0.4013671875 2 0.4253125 0.38955078125 2 0.43039062499999997 0.37509765625 2 0.43921875000000005 0.41552734375 2 0.43742187499999996 0.4013671875 2 0.435390625 0.3892578125 2 0.0 0.0 0.0 0.0 0.0 0.0 0.0 0.0 0.0 0.0 0.0 0.0
0 0.05 0.76815234375 0.0984375 0.1906015625 0.00146484375 0.826416015625 2 0.0007351562499999999 0.7743828125 2 0.0047765624999999996 0.7298310546875 2 0.0174484375 0.675521484375 2 0.06301640625 0.806994140625 2 0.052544531250000005 0.763130859375 2 0.03968359375 0.723400390625 2 0.0 0.0 0.0 0.0 0.0 0.0 0.0 0.0 0.0 0.0 0.0 0.0
1 0.721108203125 0.324349609375 0.01721640625 0.02760546875 0.7167148437499999 0.333146484375 2 0.7177953125000001 0.3267314453125 2 0.7183359375 0.3186279296875 2 0.72136015625 0.311015625 2 0.72544921875 0.333146484375 2 0.7246382812500001 0.3266181640625 2 0.7240984375 0.3191904296875 2 0.0 0.0 0.0 0.0 0.0 0.0 0.0 0.0 0.0 0.0 0.0 0.0
0 0.47109375 0.367919921875 0.0234375 0.03857421875 0.465 0.3818359375 2 0.46609375000000003 0.3703125 2 0.46734375000000006 0.36044921875 2 0.470578125 0.3492587890625 2 0.47726562499999997 0.38134765625 2 0.475234375 0.37001953125 2 0.474609375 0.360546875 2 0.0 0.0 0.0 0.0 0.0 0.0 0.0 0.0 0.0 0.0 0.0 0.0
1 0.691796875 0.31640625 0.01328125 0.021484375 0.687890625 0.3224609375 2 0.688515625 0.31708984375 2 0.6891406250000001 0.31171875 2 0.69110546875 0.30533203125 2 0.6942468749999999 0.3225615234375 2 0.69352734375 0.3164765625 2 0.6928124999999999 0.31171875 2 0.0 0.0 0.0 0.0 0.0 0.0 0.0 0.0 0.0 0.0 0.0 0.0
1 0.024609375 0.35205078125 0.01328125 0.0205078125 0.021171875 0.357421875 2 0.021406249999999998 0.3515625 2 0.021249999999999998 0.34638671875 2 0.023046875 0.34111328125 2 0.028515625 0.35673828125 2 0.027109375 0.35146484375 2 0.02578125 0.34619140625 2 0.0 0.0 0.0 0.0 0.0 0.0 0.0 0.0 0.0 0.0 0.0 0.0
0 0.092578125 0.353515625 0.01484375 0.0234375 0.08882812500000001 0.36201171875 2 0.089921875 0.35439453125 2 0.09020546874999999 0.347927734375 2 0.09212187499999999 0.341962890625 2 0.09734374999999999 0.3619140625 2 0.095546875 0.3552734375 2 0.09421171874999999 0.3482490234375 2 0.0 0.0 0.0 0.0 0.0 0.0 0.0 0.0 0.0 0.0 0.0 0.0
0 0.230859375 0.33837890625 0.01328125 0.0224609375 0.22734375 0.34443359375 2 0.227753125 0.3384228515625 2 0.2285671875 0.333361328125 2 0.2303390625 0.3276630859375 2 0.23390624999999998 0.344140625 2 0.23289062500000002 0.33857421875 2 0.23203671875 0.333533203125 2 0.0 0.0 0.0 0.0 0.0 0.0 0.0 0.0 0.0 0.0 0.0 0.0
1 0.07578125 0.345703125 0.0125 0.01953125 0.07273437499999999 0.3509765625 2 0.07320312500000001 0.34560546875 2 0.073671875 0.340625 2 0.07589921875 0.3350029296875 2 0.0803125 0.35078125 2 0.078671875 0.34541015625 2 0.077459375 0.3404599609375 2 0.0 0.0 0.0 0.0 0.0 0.0 0.0 0.0 0.0 0.0 0.0 0.0
0 0.169921875 0.3466796875 0.01328125 0.021484375 0.16625 0.35322265625 2 0.166875 0.346875 2 0.167421875 0.34111328125 2 0.16936875 0.3348203125 2 0.1734375 0.35244140625 2 0.172109375 0.3466796875 2 0.17116328125 0.34071484375 2 0.0 0.0 0.0 0.0 0.0 0.0 0.0 0.0 0.0 0.0 0.0 0.0
0 0.26875 0.3330078125 0.0125 0.01953125 0.266171875 0.33828125 2 0.2665625 0.33291015625 2 0.26707734375 0.3282841796875 2 0.26876875 0.3229677734375 2 0.271484375 0.33818359375 2 0.270625 0.33271484375 2 0.27025390625 0.328357421875 2 0.0 0.0 0.0 0.0 0.0 0.0 0.0 0.0 0.0 0.0 0.0 0.0
1 0.674609375 0.31201171875 0.01171875 0.0205078125 0.670859375 0.31630859375 2 0.67196953125 0.311376953125 2 0.67268359375 0.3065673828125 2 0.6742851562500001 0.30139453125 2 0.6770078125000001 0.3160390625 2 0.6763273437499999 0.311427734375 2 0.6758367187500001 0.3068095703125 2 0.0 0.0 0.0 0.0 0.0 0.0 0.0 0.0 0.0 0.0 0.0 0.0
1 0.15390625 0.3359375 0.0109375 0.017578125 0.15031250000000002 0.34189453125 2 0.150859375 0.33701171875 2 0.151640625 0.33232421875 2 0.15322109374999998 0.3270517578125 2 0.15703125 0.34169921875 2 0.155546875 0.33671875 2 0.15492187500000001 0.33232421875 2 0.0 0.0 0.0 0.0 0.0 0.0 0.0 0.0 0.0 0.0 0.0 0.0
0 0.291796875 0.328125 0.01015625 0.017578125 0.28921874999999997 0.33310546875 2 0.290078125 0.32861328125 2 0.290321875 0.3237041015625 2 0.29175234375 0.319134765625 2 0.294140625 0.3330078125 2 0.29367187499999997 0.328515625 2 0.29296875 0.3237958984375 2 0.0 0.0 0.0 0.0 0.0 0.0 0.0 0.0 0.0 0.0 0.0 0.0
0 0.486953125 0.347412109375 0.017656250000000002 0.03076171875 0.482265625 0.358203125 2 0.48335937500000004 0.3501953125 2 0.48441796875 0.34248828125 2 0.48640625000000004 0.33359375 2 0.49203125 0.3583984375 2 0.49053984375 0.3499169921875 2 0.489921875 0.34228515625 2 0.0 0.0 0.0 0.0 0.0 0.0 0.0 0.0 0.0 0.0 0.0 0.0
1 0.205078125 0.328125 0.00859375 0.013671875 0.20210937499999998 0.33232421875 2 0.20249999999999999 0.32861328125 2 0.202734375 0.32509765625 2 0.20414296875 0.3205888671875 2 0.20671875 0.332421875 2 0.20601562499999998 0.3287109375 2 0.205390625 0.32509765625 2 0.0 0.0 0.0 0.0 0.0 0.0 0.0 0.0 0.0 0.0 0.0 0.0
1 0.186328125 0.3310546875 0.01015625 0.017578125 0.183828125 0.336328125 2 0.184140625 0.3322265625 2 0.184453125 0.3271484375 2 0.18574453124999998 0.32240625 2 0.1890625 0.3357421875 2 0.188046875 0.33173828125 2 0.186975 0.3270693359375 2 0.0 0.0 0.0 0.0 0.0 0.0 0.0 0.0 0.0 0.0 0.0 0.0
0 0.498828125 0.33544921875 0.01640625 0.0263671875 0.49507812500000004 0.344140625 2 0.4953125 0.3369140625 2 0.49585937500000005 0.33056640625 2 0.498484375 0.3226220703125 2 0.50234375 0.3439453125 2 0.5016406250000001 0.33681640625 2 0.50077734375 0.330140625 2 0.0 0.0 0.0 0.0 0.0 0.0 0.0 0.0 0.0 0.0 0.0 0.0
0 0.509375 0.3212890625 0.0109375 0.021484375 0.506953125 0.325390625 2 0.507578125 0.32060546875 2 0.50805234375 0.315005859375 2 0.510271875 0.3092138671875 2 0.512890625 0.325 2 0.512071875 0.3200869140625 2 0.511384375 0.315115234375 2 0.0 0.0 0.0 0.0 0.0 0.0 0.0 0.0 0.0 0.0 0.0 0.0
0 0.49000000000000005 0.32568359375 0.0128125 0.0224609375 0.48703124999999997 0.33330078125 2 0.48757812500000003 0.32841796875 2 0.48828125 0.3220703125 2 0.489921875 0.315625 2 0.49328125 0.3330078125 2 0.493046875 0.32822265625 2 0.491796875 0.321875 2 0.0 0.0 0.0 0.0 0.0 0.0 0.0 0.0 0.0 0.0 0.0 0.0
0 0.3613671875 0.316455078125 0.007109374999999999 0.01572265625 0.35953124999999997 0.32080078125 2 0.3603125 0.31767578125 2 0.36061796875 0.313685546875 2 0.361328125 0.30986328125 2 0.36312500000000003 0.32099609375 2 0.36257812500000003 0.31748046875 2 0.36238828125 0.3137998046875 2 0.0 0.0 0.0 0.0 0.0 0.0 0.0 0.0 0.0 0.0 0.0 0.0
0 0.326953125 0.3212890625 0.00703125 0.013671875 0.32437499999999997 0.32548828125 2 0.32437499999999997 0.32158203125 2 0.324609375 0.3177734375 2 0.32640234375 0.314013671875 2 0.328515625 0.32578125 2 0.327734375 0.321484375 2 0.32734375 0.31748046875 2 0.0 0.0 0.0 0.0 0.0 0.0 0.0 0.0 0.0 0.0 0.0 0.0
1 0.755078125 0.333984375 0.01953125 0.03125 0.75 0.3446435546875 2 0.75075 0.336748046875 2 0.7522656249999999 0.3271787109375 2 0.7549453125000001 0.3189873046875 2 0.76029453125 0.344513671875 2 0.7588539062499999 0.3368603515625 2 0.7575765624999999 0.3274345703125 2 0.0 0.0 0.0 0.0 0.0 0.0 0.0 0.0 0.0 0.0 0.0 0.0
