1 0.941613671875 0.4716669921875 0.06291484375 0.087865234375 0.9251968749999999 0.501474609375 2 0.9285359375000001 0.4757021484375 2 0.9328921875 0.454830078125 2 0.9426203125000001 0.4297841796875 2 0.9571398437499999 0.5007490234375 2 0.95321953125 0.4760654296875 2 0.950315625 0.455556640625 2 0.0 0.0 0.0 0.0 0.0 0.0 0.0 0.0 0.0 0.0 0.0 0.0
0 0.27109375 0.47998046875 0.05 0.0751953125 0.25810703125 0.5079052734375 2 0.25988515625 0.4856904296875 2 0.26140625 0.4662109375 2 0.26734375 0.44384765625 2 0.28411953125 0.5050224609375 2 0.27933671875 0.483697265625 2 0.27575781250000003 0.4649375 2 0.0 0.0 0.0 0.0 0.0 0.0 0.0 0.0 0.0 0.0 0.0 0.0
0 0.033984375 0.40625 0.02890625 0.04296875 0.026282812500000002 0.4222216796875 2 0.027118750000000004 0.4092197265625 2 0.0280609375 0.3976005859375 2 0.03156875 0.385443359375 2 0.043 0.4207119140625 2 0.03874375 0.4079638671875 2 0.03659140625 0.397029296875 2 0.0 0.0 0.0 0.0 0.0 0.0 0.0 0.0 0.0 0.0 0.0 0.0
1 0.63828125 0.37841796875 0.0296875 0.0458984375 0.630078125 0.39560546875 2 0.63203125 0.3828125 2 0.63328125 0.3705078125 2 0.6377570312499999 0.3571611328125 2 0.6446875000000001 0.39580078125 2 0.64359375 0.3822265625 2 0.642109375 0.37041015625 2 0.0 0.0 0.0 0.0 0.0 0.0 0.0 0.0 0.0 0.0 0.0 0.0
0 0.133984375 0.41748046875 0.03359375 0.0498046875 0.12643515624999999 0.435267578125 2 0.12755078125 0.419921875 2 0.12925546875 0.40660546875 2 0.13249375000000002 0.3934150390625 2 0.1441328125 0.4332744140625 2 0.14030625000000002 0.41892578125 2 0.138203125 0.4070927734375 2 0.0 0.0 0.0 0.0 0.0 0.0 0.0 0.0 0.0 0.0 0.0 0.0
1 0.434765625 0.36875 0.02421875 0.03828125 0.42914062499999994 0.3814453125 2 0.43 0.37138671875 2 0.431328125 0.3607421875 2 0.43450390624999996 0.3503173828125 2 0.44109375 0.38056640625 2 0.439296875 0.37080078125 2 0.437890625 0.360546875 2 0.0 0.0 0.0 0.0 0.0 0.0 0.0 0.0 0.0 0.0 0.0 0.0
1 0.1015625 0.3662109375 0.0203125 0.03125 0.09671874999999999 0.37666015625 2 0.097421875 0.3681640625 2 0.09812499999999999 0.36005859375 2 0.1 0.3505859375 2 0.10679687499999999 0.3767578125 2 0.10500000000000001 0.36796875 2 0.10382812500000001 0.35966796875 2 0.0 0.0 0.0 0.0 0.0 0.0 0.0 0.0 0.0 0.0 0.0 0.0
1 0.277734375 0.366455078125 0.02109375 0.03369140625 0.2725 0.37802734375 2 0.27335937499999996 0.36875 2 0.27393828125 0.3597001953125 2 0.27718750000000003 0.34970703125 2 0.28312499999999996 0.377734375 2 0.28175078125 0.36846484375 2 0.2803484375 0.359826171875 2 0.0 0.0 0.0 0.0 0.0 0.0 0.0 0.0 0.0 0.0 0.0 0.0
1 0.770703125 0.40966796875 0.03828125 0.0576171875 0.76046875 0.43017578125 2 0.7628125 0.41396484375 2 0.7654687499999999 0.39912109375 2 0.771015625 0.38203125 2 0.78078125 0.4302734375 2 0.778046875 0.4142578125 2 0.775625 0.3994140625 2 0.0 0.0 0.0 0.0 0.0 0.0 0.0 0.0 0.0 0.0 0.0 0.0
0 0.2671875 0.5837626953125 0.0703125 0.116744140625 0.24807265625000002 0.622859375 2 0.25036796875 0.5901474609375 2 0.25312265625 0.5604970703125 2 0.2629171875 0.5272109375 2 0.28816796875 0.618841796875 2 0.28189375 0.5867041015625 2 0.27500703125000003 0.5591572265625 2 0.0 0.0 0.0 0.0 0.0 0.0 0.0 0.0 0.0 0.0 0.0 0.0
0 0.22109375 0.4375 0.0375 0.060546875 0.21161875000000002 0.4595703125 2 0.212478125 0.44091796875 2 0.2139625 0.42666015625 2 0.21896875 0.4083623046875 2 0.23271250000000002 0.45732421875 2 0.2285640625 0.44016015625 2 0.22505625 0.42587890625 2 0.0 0.0 0.0 0.0 0.0 0.0 0.0 0.0 0.0 0.0 0.0 0.0
